-1.192609145952120420e-01
-1.321299633870308965e-01
-1.449526184005801022e-01
-1.575572458175533153e-01
-1.697753154209938609e-01
-1.814554193119047032e-01
-1.924751749235591725e-01
-2.027493272732104890e-01
-2.122329732043833073e-01
-2.209195983066917501e-01
-2.288343814067971549e-01
-2.360238581140357839e-01
-2.425435087163826386e-01
-2.484451086083873661e-01
-2.537656745074818865e-01
-2.585195500611164876e-01
-2.626946876071231673e-01
-2.662535779630181842e-01
-2.691386121388940067e-01
-2.712810194646169681e-01
-2.726120289443473843e-01
-2.730746261223132021e-01
-2.726342552310975220e-01
-2.712870110111348376e-01
-2.690642059972573885e-01
-2.660326495073147002e-01
-2.622905330759973119e-01
-2.579594604938012514e-01
-2.531738036971067918e-01
-2.480690535917299822e-01
-2.427710089785740655e-01
-2.373874693628013621e-01
-2.320036556014203333e-01
-2.266819698225656654e-01
-2.214659974984687640e-01
-2.163879549940609381e-01
-2.114781998994928469e-01
-2.067750239699662484e-01
-2.023328238518035116e-01
-1.982269571412780540e-01
-1.945541111723441685e-01
-1.914277407998297154e-01
-1.889689514209287047e-01
-1.872939705753383921e-01
-1.864999132789894043e-01
-1.866508002498402097e-01
-1.877657205924178896e-01
-1.898107094078760049e-01
-1.926954291738802727e-01
-1.962751591199371759e-01
-2.003579402831043854e-01
-2.047160588461453268e-01
-2.091004835162670050e-01
-2.132565058946309378e-01
-2.169387317959968198e-01
-2.199237530380759864e-01
-2.220192400490506313e-01
-2.230687360950973086e-01
-2.229520218983204738e-01
-2.215815071733422958e-01
-2.188956496091865045e-01
-2.148508464414152497e-01
-2.094135116505579097e-01
-2.025540493109131146e-01
-1.942441172075873856e-01
-1.844579934682555600e-01
-1.731781004424546855e-01
-1.604039146952364048e-01
-1.461627732856234929e-01
-1.305206548275707756e-01
-1.135909538121572387e-01
-9.553955357926439962e-02
-7.658504248234883349e-02
-5.699359738206675324e-02
-3.706879293124250990e-02
-1.713730719963563534e-02
2.467910543287694155e-03
2.142505802437235859e-02
3.943942886789036928e-02
5.625606243154923636e-02
7.166779973148580674e-02
8.551818581274693576e-02
9.769943853130151623e-02
1.081463794996092576e-01
1.168276799269162003e-01
1.237359734830523333e-01
1.288783858405124771e-01
1.322688891775622988e-01
1.339235998594293375e-01
1.338596748309818230e-01
1.320978807437178659e-01
1.286683167337381029e-01
1.236182438316044963e-01
1.170205566820898546e-01
1.089812018556059886e-01
9.964389964984730896e-02
8.919090499138233874e-02
7.783918191866992520e-02
6.583211648987528919e-02
5.342760060929084565e-02
4.088388040014642733e-02
2.844492780104183188e-02
1.632724374722863483e-02
4.709900912766462611e-03
-6.270771143746084984e-03
-1.652115216282093110e-02
-2.598510069054963192e-02
-3.463451767818533783e-02
-4.245734128218928150e-02
-4.944493485105333486e-02
-5.558081010228818619e-02
-6.083234196630744189e-02
-6.514666551932123129e-02
-6.845134231498342658e-02
-7.065969130599754344e-02
-7.167997934518698100e-02
-7.142706537830433022e-02
-6.983471907165521297e-02
-6.686677452994227444e-02
-6.252550784609577084e-02
-5.685606646440016093e-02
-4.994637515898743552e-02
-4.192262138209995603e-02
-3.294105068319425761e-02
-2.317727289864312396e-02
-1.281456289511972296e-02
-2.032748454045117496e-03
9.000785367044347035e-03
2.013670790506474906e-02
3.124519507122749951e-02
4.221313506932591192e-02
5.293775383373983123e-02
6.331797312265712019e-02
7.324521874418923884e-02
8.259550283619633559e-02
9.122443599378343704e-02
9.896641967425837128e-02
1.056386559129679770e-01
1.110498657789629751e-01
1.150128431470388707e-01
1.173592907929580931e-01
1.179549189986539431e-01
1.167126792330639568e-01
1.136023078774000133e-01
1.086549713424700692e-01
1.019625763458987810e-01
9.367208249462639913e-02
8.397579073149340212e-02
7.309901054401847509e-02
6.128673317424806338e-02
4.879095576699526982e-02
3.586009898131326673e-02
2.273156044670322437e-02
9.627901865503113096e-03
-3.243442740275174520e-03
-1.568761635094163831e-02
-2.751805106930220457e-02
-3.855178305145433998e-02
-4.860572139070776926e-02
-5.749501020758789743e-02
-6.503425095754954144e-02
-7.104190590312263465e-02
-7.534774603785812652e-02
-7.780277268155653958e-02
-7.829063486183254761e-02
-7.673918737526770617e-02
-7.313057372670286882e-02
-6.750821459514662337e-02
-5.997938840233316832e-02
-5.071264901965753802e-02
-3.993005500864806739e-02
-2.789497662518601248e-02
-1.489693320541284061e-02
-1.235330295214882900e-03
1.279595957826789275e-02
2.692145975305409653e-02
4.089312468516827226e-02
5.449484700787383951e-02
6.754238446921390082e-02
7.987930600242391932e-02
9.137010354810051749e-02
1.018919883030647566e-01
1.113270512264234041e-01
1.195563731252068246e-01
1.264573001272668862e-01
1.319045092575538147e-01
1.357747863261596633e-01
1.379547761540022566e-01
1.383504975698836570e-01
1.368972030559267583e-01
1.335681547253079193e-01
1.283810236129055704e-01
1.214008847401464031e-01
1.127391761429599876e-01
1.025484996164472418e-01
9.101372338846486221e-02
7.834042184262289543e-02
6.474213663756350767e-02
5.042815256492446524e-02
3.559339819637725999e-02
2.041173848975702532e-02
5.033404252868209881e-03
-1.041331965194333513e-02
-2.581667872304986566e-02
-4.107342866476203225e-02
-5.607975271921253335e-02
-7.072283358072865844e-02
-8.487471182147456050e-02
-9.838971432219072166e-02
-1.111061402303601120e-01
-1.228521426211633683e-01
-1.334550090984518711e-01
-1.427524830601342165e-01
-1.506044668702334888e-01
-1.569034222207818519e-01
-1.615820000696369663e-01
-1.646168450841945796e-01
-1.660280672453021689e-01
-1.658744826578848197e-01
-1.642453275675449798e-01
-1.612496740110532234e-01
-1.570051316429494082e-01
-1.516275177395746410e-01
-1.452229710454239486e-01
-1.378835195350332221e-01
-1.296865272022778570e-01
-1.206978874071333169e-01
-1.109783662858835757e-01
-1.005921278815358477e-01
-8.961617284246416182e-02
-7.814920910664555076e-02
-6.631842914163219027e-02
-5.428287680455938513e-02
-4.223253997292025774e-02
-3.038293038995702397e-02
-1.896562141034390664e-02
-8.215876147784595754e-03
1.641044588776001834e-03
1.040312691565189844e-02
1.790270340813078509e-02
2.401399776702657987e-02
2.865620583439594179e-02
3.179187059571078611e-02
3.342103354480882582e-02
3.357229578028435996e-02
3.229237937469957298e-02
2.963596430400637985e-02
2.565744873732659498e-02
2.040584797539955753e-02
1.392340766220818288e-02
6.247834245112254999e-03
-2.582509572778349249e-03
-1.252148326344667585e-02
-2.350739456846000913e-02
-3.545593526628374598e-02
-4.825509956506335296e-02
-6.176306770185328865e-02
-7.580958320961024566e-02
-9.020083347447757638e-02
-1.047273434005304149e-01
-1.191739513565891750e-01
-1.333306131156120899e-01
-1.470026430690132002e-01
-1.600190653282262399e-01
-1.722379770354416917e-01
-1.835481937765781335e-01
-1.938669318156602261e-01
-2.031338498567978046e-01
-2.113023552369697189e-01
-2.183295659923400467e-01
-2.241666030716275571e-01
-2.287509083959809730e-01
-2.320020228617971636e-01
-2.338217220642614391e-01
-2.340986817578754042e-01
-2.327170788620948061e-01
-2.295678743474544869e-01
-2.245611014527773841e-01
-2.176373835140822388e-01
-2.087771125175691966e-01
-1.980061246716388335e-01
-1.853972065629757582e-01
-1.710672980667577170e-01
-1.551707995065580714e-01
-1.378899171373305643e-01
-1.194234353589845310e-01
-9.997556221501979756e-02
-7.974643918085719263e-02
-5.892554419938902249e-02
-3.768866851122280870e-02
-1.619854919684922054e-02
5.391313482040182951e-03
2.693058412533283486e-02
4.826502419058085330e-02
6.922983086643569317e-02
8.964472750045957006e-02
1.093119262236569578e-01
1.280177180820298577e-01
1.455379374742155618e-01
1.616469425413980532e-01
1.761291663607837954e-01
1.887918490735721322e-01
1.994773421359538612e-01
2.080734041642061938e-01
2.145201496741234171e-01
2.188127283130968104e-01
2.209993754346636363e-01
2.211751247789409125e-01
2.194721139191508630e-01
2.160479465227291007e-01
2.110738919974377570e-01
2.047246902142269565e-01
1.971713669483151354e-01
1.885778514980941123e-01
1.791014669232407763e-01
1.688966972984767279e-01
1.581211552368623208e-01
1.469423986943792226e-01
1.355441423183344485e-01
1.241304787084374639e-01
1.129269868291813278e-01
1.021780390717865750e-01
9.214018816088798136e-02
8.307216284702723108e-02
7.522260804967331738e-02
6.881711617756465504e-02
6.404620925104968776e-02
6.105574700419632433e-02
5.994084590449804545e-02
6.074391342978333747e-02
6.345689533327404652e-02
6.802733237158364865e-02
7.436738174442383831e-02
8.236461903196398704e-02
9.189320006068285585e-02
1.028238572455284355e-01
1.150313074370405142e-01
1.283980121450473966e-01
1.428138297660283829e-01
1.581718186986724450e-01
1.743611344534528595e-01
1.912584767145630305e-01
2.087197877375176203e-01
2.265738440356606098e-01
2.446190599841055191e-01
2.626243156042359916e-01
2.803340014740178798e-01
2.974768122079127219e-01
3.137772108022023887e-01
3.289680381074837623e-01
3.428025639619745601e-01
3.550644293852326938e-01
3.655743490903228254e-01
3.741929839583904571e-01
3.808199490442644719e-01
3.853894410862044317e-01
3.878633930444771449e-01
3.882233512820811860e-01
3.864624191357793337e-01
3.825786067308572513e-01
3.765707381948279475e-01
3.684376817841843454e-01
3.581811254442781589e-01
3.458115151971274948e-01
3.313562361372504594e-01
3.148687501783842269e-01
2.964372461606881171e-01
2.761913989370569089e-01
2.543060532188057832e-01
2.310010047179446302e-01
2.065365090649678437e-01
1.812046938556992615e-01
1.553176430272140696e-01
1.291934675349139250e-01
1.031420452445471342e-01
7.745220615476088033e-02
5.238191477608369201e-02
2.815248886236012063e-02
4.947202781833915687e-03
-1.708608651129622791e-02
-3.782924835964094484e-02
-5.718647883681987620e-02
-7.507670594862830837e-02
-9.142721968969574897e-02
-1.061696518737068468e-01
-1.192390092811196484e-01
-1.305759697544070508e-01
-1.401321105126427102e-01
-1.478772045633280630e-01
-1.538073033548862656e-01
-1.579521304389305825e-01
-1.603803905978462285e-01
-1.612019406927709675e-01
-1.605662979536081336e-01
-1.586575306216061465e-01
-1.556860471687610270e-01
-1.518781395874579665e-01
-1.474643682979985548e-01
-1.426680075899536826e-01
-1.376947833010724320e-01
-1.327249959999951268e-01
-1.279088142813396833e-01
-1.233650812273257014e-01
-1.191834848845916006e-01
-1.154294810940943300e-01
-1.121509854470665868e-01
-1.093856273130541512e-01
-1.071673222363291184e-01
-1.055310549916101404e-01
-1.045150326108878480e-01
-1.041597487837857966e-01
-1.045039941596948990e-01
-1.055784139520086345e-01
-1.073977463538611093e-01
-1.099532046395534923e-01
-1.132064772251684254e-01
-1.170865399438063975e-01
-1.214900096809593544e-01
-1.262852048006397054e-01
-1.313194851295360066e-01
-1.364289287172600618e-01
-1.414490885677013587e-01
-1.462255095854369524e-01
-1.506228072349909963e-01
-1.545313231297979761e-01
-1.578706626239193833e-01
-1.605898056488859471e-01
-1.626639382656788202e-01
-1.640886131801450876e-01
-1.648722390698973139e-01
-1.650281424787986007e-01
-1.645674838424339426e-01
-1.634941340872874127e-01
-1.618022816185875068e-01
-1.594771310363263528e-01
-1.564986430194783285e-01
-1.528478549529462827e-01
-1.485149049950777733e-01
-1.435075097185199156e-01
-1.378584286240694678e-01
-1.316304930375229720e-01
-1.249181177461195502e-01
-1.178447910780074381e-01
-1.105567185532295299e-01
-1.032134302963623046e-01
-9.597664242512683741e-02
-8.899891591039761629e-02
-8.241365380990936518e-02
-7.632773968135343756e-02
-7.081769607165408487e-02
-6.592969978237392392e-02
-6.168322261669046541e-02
-5.807756227662180804e-02
-5.510013618896157650e-02
-5.273516520703408483e-02
-5.097133750156825766e-02
-4.980725952003702689e-02
-4.925392142116674643e-02
-4.933391102828569436e-02
-5.007759394786492901e-02
-5.151688025150812089e-02
-5.367750667146134469e-02
-5.657096347545367832e-02
-6.018725423543869191e-02
-6.448957819904842237e-02
-6.941178212727493191e-02
-7.485907108945961952e-02
-8.071204493946280978e-02
-8.683368943668327844e-02
-9.307852420327535070e-02
-9.930273640970438409e-02
-1.053739094086644373e-01
-1.111789801755385942e-01
-1.166293294072309472e-01
-1.216623582186955183e-01
-1.262394537962559515e-01
-1.303408079887869442e-01
-1.339580488892043453e-01
-1.370860019258015872e-01
-1.397150390906826412e-01
-1.418253554709795194e-01
-1.433841432706929042e-01
-1.443460917796783594e-01
-1.446570546742027563e-01
-1.442602197798877051e-01
-1.431037576503275677e-01
-1.411487389710564255e-01
-1.383761231363039301e-01
-1.347918222806112898e-01
-1.304291630600667162e-01
-1.253484354293507852e-01
-1.196336086498303447e-01
-1.133866748494369997e-01
-1.067204060776277830e-01
-9.975055363018055232e-02
-9.258862311902335551e-02
-8.533626414065532961e-02
-7.808203622189584248e-02
-7.090092073094222958e-02
-6.385650064255729563e-02
-5.700530938946696269e-02
-5.040255144047660341e-02
-4.410823664399261129e-02
-3.819270442953202199e-02
-3.274054457247530664e-02
-2.785208324877492744e-02
-2.364189748841170544e-02
-2.023423351670943296e-02
-1.775570385100321349e-02
-1.632612425201959011e-02
-1.604869690619245212e-02
-1.700088249297699097e-02
-1.922721910879973337e-02
-2.273505577702800845e-02
-2.749372830118145331e-02
-3.343720236652397010e-02
-4.046973048834625469e-02
-4.847368724451565913e-02
-5.731849075309448233e-02
-6.686939110531675556e-02
-7.699495363212971455e-02
-8.757233567692747356e-02
-9.848989217278411590e-02
-1.096471116564222276e-01
-1.209522776877052785e-01
-1.323185293875973612e-01
-1.436591622348892816e-01
-1.548830900502088659e-01
-1.658913700346395237e-01
-1.765755290054798754e-01
-1.868181277255623329e-01
-1.964956446587088068e-01
-2.054834195931801999e-01
-2.136620955442849745e-01
-2.209247697529028998e-01
-2.271839461568600782e-01
-2.323773705564856351e-01
-2.364719276554276273e-01
-2.394650059132890640e-01
-2.413830801194033759e-01
-2.422776594530935135e-01
-2.422191180218855600e-01
-2.412892158995538494e-01
-2.395733201202058793e-01
-2.371534104430025325e-01
-2.341028277361460741e-01
-2.304833776749631302e-01
-2.263449500946342619e-01
-2.217273962371958118e-01
-2.166640771792101294e-01
-2.111862560227916741e-01
-2.053273789409472971e-01
-1.991263269565594074e-01
-1.926289429241847539e-01
-1.858874918148161193e-01
-1.789580940468896986e-01
-1.718965133174308879e-01
-1.647529601268430399e-01
-1.575667584126574094e-01
-1.503617750572146528e-01
-1.431434249974825879e-01
-1.358978616458683120e-01
-1.285936582458744593e-01
-1.211859005027017683e-01
-1.136222137890896544e-01
-1.058499461880588882e-01
-9.782359378263801031e-02
-8.951157069332561778e-02
-8.090152827965049753e-02
-7.200359227681071839e-02
-6.285112383705698802e-02
-5.349888880171740219e-02
-4.401878888414683527e-02
-3.449356653732262024e-02
-2.500915694726779312e-02
-1.564659775319084470e-02
-6.474554383146941677e-03
2.456498734830199395e-03
1.111763871193935729e-02
1.950202473774870215e-02
2.762272631178608676e-02
3.550841708871541047e-02
4.319780751329647256e-02
5.073381303243610502e-02
5.815838995014075558e-02
6.550876160593241404e-02
7.281545868740857408e-02
8.010226438443233954e-02
8.738784224688284086e-02
9.468856268671499432e-02
1.020218575122305849e-01
1.094093597780935873e-01
1.168791385350593792e-01
1.244664801173879648e-01
1.322128787601521971e-01
1.401631741828897326e-01
1.483610608393370611e-01
1.568434294424227438e-01
1.656341853839480571e-01
1.747383337226656452e-01
1.841371788100913398e-01
1.937853848131468604e-01
2.036103600529325375e-01
2.135140412856084691e-01
2.233768114608842004e-01
2.330630820073406329e-01
2.424279772666636246e-01
2.513244908671743993e-01
2.596104143691558286e-01
2.671543140962591156e-01
2.738399205756794075e-01
2.795685208384281473e-01
2.842592625952499175e-01
2.878476229804596831e-01
2.902826126529110540e-01
2.915235164859443229e-01
2.915370304013496505e-01
2.902955016438885649e-01
2.877766708081482827e-01
2.839649512087662475e-01
2.788539580479070246e-01
2.724497850773628937e-01
2.647744506190173319e-01
2.558689632234684708e-01
2.457955219733648500e-01
2.346384480057410182e-01
2.225035855897116166e-01
2.095161387242744644e-01
1.958171635672707189e-01
1.815591210161237035e-01
1.669009761604789699e-01
1.520033469857348940e-01
1.370241709963208321e-01
1.221152659858307510e-01
1.074200178444851550e-01
9.307225891166720499e-02
7.919623657037605513e-02
6.590744551268470919e-02
5.331401313558178923e-02
4.151826904455928335e-02
3.061809515801423159e-02
2.070765337597058747e-02
1.187714247556155567e-02
4.211383183064887868e-03
-2.212732849345917189e-03
-7.329658244925271217e-03
-1.108904238823223143e-02
-1.345951649192182742e-02
-1.443187867915148373e-02
-1.402116861749631849e-02
-1.226721551181817089e-02
-9.233440610491418579e-03
-5.003983383921241195e-03
3.204811928473837970e-04
6.627638863815071488e-03
1.379843248925534394e-02
2.171127380196548329e-02
3.024507759634331022e-02
3.928090949502666129e-02
4.870230351942975849e-02
5.839450514197444542e-02
6.824302631948640785e-02
7.813195651453345991e-02
8.794247656822894166e-02
9.755199163160280240e-02
1.068342227664751537e-01
1.156604609163276870e-01
1.239019999983664022e-01
1.314335549894118937e-01
1.381372909276957495e-01
1.439069991653480207e-01
1.486519752112762105e-01
1.523002488586893965e-01
1.548009442581755601e-01
1.561256576760688686e-01
1.562688110450432821e-01
1.552469876401267324e-01
1.530973094462592110e-01
1.498749946973825520e-01
1.456503563403994950e-01
1.405056303203823520e-01
1.345320585574810990e-01
1.278275470205543218e-01
1.204950284383151521e-01
1.126414682420025654e-01
1.043773117747947288e-01
9.581608738273744708e-02
8.707384364313193459e-02
7.826810910819251288e-02
6.951613308193685392e-02
6.093230719103105708e-02
5.262486416586970722e-02
4.469215056993046387e-02
3.721890635322310653e-02
3.027301494940985715e-02
2.390311899119593533e-02
1.813735636954362865e-02
1.298329934548155852e-02
8.429028799269990338e-03
4.445174547146951531e-03
9.876948441415115808e-04
-1.998850954928496886e-03
-4.577771429616795708e-03
-6.816674163038551407e-03
-8.784067871331567232e-03
-1.054630174456019052e-02
-1.216492061903140000e-02
-1.369443395390253573e-02
-1.518046645957184422e-02
-1.665825992199776798e-02
-1.815150668464629233e-02
-1.967151465148113398e-02
-2.121671557863664959e-02
-2.277251810931459411e-02
-2.431148737229632886e-02
-2.579382551861735332e-02
-2.716814944083737263e-02
-2.837261095272060329e-02
-2.933644597324346417e-02
-2.998204610291691982e-02
-3.022762962557825131e-02
-2.999054359108543205e-02
-2.919111866913064873e-02
-2.775684851400763570e-02
-2.562655733008212949e-02
-2.275418109290124058e-02
-1.911179787397926377e-02
-1.469160223872000015e-02
-9.506629397125277922e-03
-3.590180037786665397e-03
3.005932629847869828e-03
1.021403129408128899e-02
1.795375517123733167e-02
2.613542386757508607e-02
3.466328983435651434e-02
4.343845855567340236e-02
5.236137395548929457e-02
6.133390101673301398e-02
7.026111186563065159e-02
7.905286926392358915e-02
8.762524501055962700e-02
9.590176994261578880e-02
1.038145118629742736e-01
1.113049873433638315e-01
1.183249049582206225e-01
1.248367318050717378e-01
1.308140774502604964e-01
1.362418595886235317e-01
1.411161529303260054e-01
1.454435847548030403e-01
1.492401620014559005e-01
1.525294908443296793e-01
1.553404595147195311e-01
1.577045467068856344e-01
1.596529491872016870e-01
1.612137188057079784e-01
1.624091011803616980e-01
1.632532819151268910e-01
1.637507659277643024e-01
1.638956125647367534e-01
1.636716733494723297e-01
1.630538212507578744e-01
1.620099658630754502e-01
1.605034893824829889e-01
1.584956947004520500e-01
1.559479591860425396e-01
1.528234630034843444e-01
1.490885047787776641e-01
1.447134858847791694e-01
1.396736488891122396e-01
1.339496455226731053e-01
1.275280554582109149e-01
1.204020736894265142e-01
1.125726150532932318e-01
1.040499688864205130e-01
9.485593251569544859e-02
8.502616480397595655e-02
7.461238839691414215e-02
6.368405035138186010e-02
5.232911733657203551e-02
4.065379586808456902e-02
2.878109162535732318e-02
1.684823186335358824e-02
5.003056499339009026e-03
-6.600449389761967045e-03
-1.780722193675416884e-02
-2.846642852945483956e-02
-3.843661853268239004e-02
-4.759033622812392644e-02
-5.581789101014244386e-02
-6.303007705996498122e-02
-6.915974328868210175e-02
-7.416222092181028180e-02
-7.801471244336563582e-02
-8.071483677549294578e-02
-8.227861727672873549e-02
-8.273828299433744204e-02
-8.214028880036221281e-02
-8.054388360908776301e-02
-7.802035638799950656e-02
-7.465283900992510102e-02
-7.053633599886864614e-02
-6.577755121057278498e-02
-6.049411542779308676e-02
-5.481295272306685451e-02
-4.886769936767632744e-02
-4.279526820739868592e-02
-3.673180021409332835e-02
-3.080833512427799334e-02
-2.514657477667736271e-02
-1.985513229982008646e-02
-1.502665066135295581e-02
-1.073611232492160082e-02
-7.040538397816487916e-03
-3.980093212848066948e-03
-1.580410334853974818e-03
1.441971765262125811e-04
1.187076025741698286e-03
1.545608110889701682e-03
1.218080576790644617e-03
2.013799848624904271e-04
-1.510322250770504762e-03
-3.925844914276031133e-03
-7.056268253030502889e-03
-1.091333922942635745e-02
-1.550726312897922864e-02
-2.084421020924991791e-02
-2.692388738969234835e-02
-3.373750347542966294e-02
-4.126640028472266380e-02
-4.948153563098348778e-02
-5.834388392174682386e-02
-6.780566498476159332e-02
-7.781214562636255827e-02
-8.830362909918866576e-02
-9.921719599004537316e-02
-1.104877894538616456e-01
-1.220483369643893395e-01
-1.338287802312929653e-01
-1.457541405698738746e-01
-1.577420167817529806e-01
-1.697001096578502899e-01
-1.815244308726912670e-01
-1.930987663704553658e-01
-2.042957587342837666e-01
-2.149797222791872686e-01
-2.250110640665531903e-01
-2.342519694401672126e-01
-2.425728409044389244e-01
-2.498588719646945289e-01
-2.560160816968745090e-01
-2.609761448331736067e-01
-2.646994834796839724e-01
-2.671763449397062118e-01
-2.684258839760073068e-01
-2.684934993274646353e-01
-2.674468199014349845e-01
-2.653708181015673184e-01
-2.623625564787919751e-01
-2.585260532607787654e-01
-2.539677040774041550e-01
-2.487926373560874482e-01
-2.431022827430628641e-01
-2.369932532633783062e-01
-2.305574005962645889e-01
-2.238826731680733928e-01
-2.170542408443584537e-01
-2.101552716427682876e-01
-2.032667920488589186e-01
-1.964662595638172471e-01
-1.898247881767029521e-01
-1.834032913903083095e-01
-1.772480362474815607e-01
-1.713862053793659135e-01
-1.658220846409402260e-01
-1.605344710030217892e-01
-1.554758230245098516e-01
-1.505735187665340757e-01
-1.457333243194904593e-01
-1.408448483820247121e-01
-1.357884579430941596e-01
-1.304429427189704727e-01
-1.246931515396809548e-01
-1.184368467750282206e-01
-1.115901313653061278e-01
-1.040910190762162763e-01
-9.590102402163011575e-02
-8.700496060012954946e-02
-7.740936600847862781e-02
-6.714004206312487733e-02
-5.623921705436641522e-02
-4.476281609719416632e-02
-3.277828625594862016e-02
-2.036330715517611217e-02
-7.605535384586657732e-03
5.396679934443100735e-03
1.853288166082804958e-02
3.167883286018621791e-02
4.469514192175405576e-02
5.742677565111403010e-02
6.970399523262890695e-02
8.134507765568914361e-02
9.216092142076968974e-02
1.019613305233652290e-01
1.105624653871415813e-01
1.177946949449647507e-01
1.235099550351007602e-01
1.275877649287178728e-01
1.299392622127753250e-01
1.305089202637721435e-01
1.292739241484646417e-01
1.262414421457282443e-01
1.214442486066753812e-01
1.149353413786516620e-01
1.067823120589908165e-01
9.706223089391209646e-02
8.585770999540645598e-02
7.325462075501945614e-02
5.934166249817345029e-02
4.421164829309689320e-02
2.796406930529445403e-02
1.070828711610582323e-02
-7.433373818612086167e-03
-2.632329719876885105e-02
-4.580751896413356311e-02
-6.571625985960469207e-02
-8.586612332774019862e-02
-1.060637624629473391e-01
-1.261105831519918063e-01
-1.458079114098627393e-01
-1.649620021938336678e-01
-1.833882670624427391e-01
-2.009141525195268507e-01
-2.173802529284160068e-01
-2.326395109874835609e-01
-2.465546994072369824e-01
-2.589947075531285892e-01
-2.698304143384603337e-01
-2.789310757014968334e-01
-2.861621489408998076e-01
-2.913852851382350284e-01
-2.944608666403812913e-01
-2.952530367036187431e-01
-2.936367728854349379e-01
-2.895062580956491161e-01
-2.827836151378456675e-01
-2.734270023372584180e-01
-2.614371379994614997e-01
-2.468615312176128118e-01
-2.297960109261660000e-01
-2.103834875998960852e-01
-1.888101765601986892e-01
-1.652997459249021528e-01
-1.401060571754819406e-01
-1.135053265985304510e-01
-8.578857752315982577e-02
-5.725513150349800795e-02
-2.820761805429946797e-02
1.051380120852600476e-03
3.022127855170382224e-02
5.900448097661580016e-02
8.710691034522094478e-02
1.142386013240779125e-01
1.401149032836951636e-01
1.644588186307558708e-01
1.870048561352978533e-01
2.075045083687359349e-01
2.257331125057694676e-01
2.414975138941238553e-01
2.546437100982537616e-01
2.650635425898200670e-01
2.726995391508382216e-01
2.775472075534136662e-01
2.796543987361154726e-01
2.791177170279085518e-01
2.760763049594823215e-01
2.707036329153815202e-01
2.631981358870859045e-01
2.537736397546988543e-01
2.426505102485216614e-01
2.300483376020906190e-01
2.161807328114038196e-01
2.012524721541734674e-01
1.854588405617811908e-01
1.689866805058877763e-01
1.520164247069439034e-01
1.347242959337703050e-01
1.172838953977224374e-01
9.986657506209019319e-02
8.264025023683223281e-02
6.576658845686195187e-02
4.939680068250978939e-02
3.366655844098374178e-02
1.869079683091317071e-02
4.559266541415734481e-03
-8.666351884138990408e-03
-2.095315452305721374e-02
-3.229523129126100206e-02
-4.270942885348352064e-02
-5.222901548453757342e-02
-6.089587430725394712e-02
-6.875205070713867606e-02
-7.583160188068019392e-02
-8.215373830686667489e-02
-8.771817056341391083e-02
-9.250334405023789841e-02
-9.646786893850228806e-02
-9.955496716206020669e-02
-1.016992345367307704e-01
-1.028345941544244052e-01
-1.029021354131376270e-01
-1.018566330553170862e-01
-9.967086045513127990e-02
-9.633723409912062219e-02
-9.186674260089711108e-02
-8.628548333357136113e-02
-7.962945832040607685e-02
-7.193853783736746388e-02
-6.325063021441947042e-02
-5.359707579544022160e-02
-4.300009884183424169e-02
-3.147280578658148698e-02
-1.902177923720766578e-02
-5.651879459304094168e-03
8.627506712624187155e-03
2.379577809641561167e-02
3.981506950137929379e-02
5.662580055859139927e-02
7.414453450362971931e-02
9.226453435913417600e-02
1.108590471142805872e-01
1.297869970916038229e-01
1.489004521220479438e-01
1.680529529410113576e-01
1.871076069835587719e-01
2.059438051415850568e-01
2.244615707645139790e-01
2.425828976090235733e-01
2.602499150120024529e-01
2.774202185181516289e-01
2.940601128015895016e-01
3.101367776972285273e-01
3.256104966824243108e-01
3.404281026412114275e-01
3.545186759121252140e-01
3.677922282631309603e-01
3.801416332778921325e-01
3.914475159954455274e-01
4.015853269676248893e-01
4.104335028193150658e-01
4.178815049091184619e-01
4.238366280567414934e-01
4.282287442212976414e-01
4.310125247076279642e-01
4.321670956041313572e-01
4.316934724603686546e-01
4.296104500404022697e-01
4.259498463219390518e-01
4.207520896642494290e-01
4.140630816121540492e-01
4.059330432746472983e-01
3.964176638570995892e-01
3.855813990012803560e-01
3.735023491732140655e-01
3.602778769612723364e-01
3.460300107190606989e-01
3.309097078562582284e-01
3.150991709328966883e-01
2.988115651322756916e-01
2.822876702395927251e-01
2.657892839930945938e-01
2.495896236640081367e-01
2.339614782047599595e-01
2.191642892847670554e-01
2.054315620983874768e-01
1.929599970798791531e-01
1.819015187739116413e-01
1.723589865339175686e-01
1.643858480903473973e-01
1.579894428855624089e-01
1.531371999546398410e-01
1.497646635017336192e-01
1.477841130568381955e-01
1.470925302071587337e-01
1.475778339457965160e-01
1.491226700776149272e-01
1.516055421875593667e-01
1.548996090818623994e-01
1.588699349282683415e-01
1.633702699888889553e-01
1.682405042079045954e-01
1.733057789785939773e-01
1.783779371609763853e-01
1.832596219767207435e-01
1.877509348723516158e-01
1.916581441078725467e-01
1.948035652332382461e-01
1.970354977523842144e-01
1.982370340407117182e-01
1.983326544937124569e-01
1.972917744081391922e-01
1.951287755093327192e-01
1.918994750420371653e-01
1.876943932663354964e-01
1.826295357407927977e-01
1.768357025770164459e-01
1.704475649626329137e-01
1.635938595008797347e-01
1.563899681525079133e-01
1.489338325336928004e-01
1.413056163395380316e-01
1.335708742302103569e-01
1.257863673394557791e-01
1.180072289360474397e-01
1.102939955659382465e-01
1.027180841112042553e-01
9.536458727926085122e-02
8.833174039961111390e-02
8.172702576592834334e-02
7.566050781721048168e-02
7.023647059250620606e-02
6.554466801318428737e-02
6.165251906778667496e-02
5.859943701255637682e-02
5.639419500616091319e-02
5.501580870872053997e-02
5.441790552145556875e-02
5.453603988892458815e-02
5.529699395456574157e-02
5.662882231040417685e-02
5.847028135743106286e-02
6.077835689747455861e-02
6.353287122048870139e-02
6.673755002085701715e-02
7.041738039329131782e-02
7.461255250663462180e-02
7.936972476453243996e-02
8.473174474241462750e-02
9.072723122197665080e-02
9.736149929511495049e-02
1.046101483049332176e-01
1.124162612137198924e-01
1.206916485153824159e-01
1.293219586542858901e-01
1.381748426751195635e-01
1.471098457623477573e-01
1.559884407291296238e-01
1.646826585026075485e-01
1.730810563848954597e-01
1.810912150642229046e-01
1.886385120691676798e-01
1.956615428672554280e-01
2.021051654367731765e-01
2.079125899747864270e-01
2.130181112408002231e-01
2.173419581493419572e-01
2.207883531363992735e-01
2.232473227891981771e-01
2.246001984652120642e-01
2.247281858706612623e-01
2.235229280406605956e-01
2.208976964613693084e-01
2.167977520314750550e-01
2.112085010348354053e-01
2.041603176086163318e-01
1.957293169568041502e-01
1.860339015496739468e-01
1.752274875884069494e-01
1.634883621792612429e-01
1.510080005804125547e-01
1.379792926148112886e-01
1.245860262169768556e-01
1.109947598661923246e-01
9.734990981209883099e-02
8.377244823162396936e-02
7.036207405679378857e-02
5.720217080246471630e-02
4.436641745824632110e-02
3.192565004581119498e-02
1.995352072067112584e-02
8.529696340258761944e-03
-2.260223111127153059e-03
-1.232829413741502213e-02
-2.159093962550281270e-02
-2.997783066398075624e-02
-3.744155060330392470e-02
-4.396643887820812086e-02
-4.957509908443152868e-02
-5.433138943277519839e-02
-5.833919586895715270e-02
-6.173686316577042116e-02
-6.468777775699294241e-02
-6.736817927043685372e-02
-6.995372932267725219e-02
-7.260658489605457955e-02
-7.546464532071278652e-02
-7.863428216511160473e-02
-8.218730102561283557e-02
-8.616223263057620763e-02
-9.056942373486162601e-02
-9.539889869122565591e-02
-1.006296515938437386e-01
-1.062389126862868377e-01
-1.122099859847133091e-01
-1.185374589925148464e-01
-1.252289406645499259e-01
-1.323029756822440839e-01
-1.397833509726560119e-01
-1.476905821237181615e-01
-1.560318753370137645e-01
-1.647912030955761276e-01
-1.739212027652869141e-01
-1.833383783516239207e-01
-1.929226065202288010e-01
-2.025213002300087495e-01
-2.119578696979293186e-01
-2.210434559315789527e-01
-2.295903970764119062e-01
-2.374256065787765657e-01
-2.444020548911117752e-01
-2.504068477371645951e-01
-2.553649170201214846e-01
-2.592380048882108601e-01
-2.620193377760514641e-01
-2.637250469153227805e-01
-2.643838855109854613e-01
-2.640270300592697517e-01
-2.626796944485748631e-01
-2.603559619344431586e-01
-2.570577113412225723e-01
-2.527778367319108987e-01
-2.475072358106771009e-01
-2.412444305946057632e-01
-2.340063038970533194e-01
-2.258383013334633316e-01
-2.168225303590256559e-01
-2.070824637831024662e-01
-1.967833935492870057e-01
-1.861283286756405531e-01
-1.753496239933077239e-01
-1.646971939357860237e-01
-1.544246424162697695e-01
-1.447749560514652867e-01
-1.359675014746585253e-01
-1.281879191897734582e-01
-1.215821316220144083e-01
-1.162551050147298953e-01
-1.122742764402059751e-01
-1.096767919215047155e-01
-1.084790529901383249e-01
-1.086866827708402733e-01
-1.103030017581381333e-01
-1.133344502833895651e-01
-1.177919812063260019e-01
-1.236881230577050461e-01
-1.310301178272585410e-01
-1.398102197213916265e-01
-1.499947791878797621e-01
-1.615140060254512955e-01
-1.742542664105816985e-01
-1.880544418746367963e-01
-2.027073060899833579e-01
-2.179661362608872333e-01
-2.335559968530394881e-01
-2.491884633237050062e-01
-2.645781034960326128e-01
-2.794588267805963588e-01
-2.935982284433477085e-01
-3.068083203229338696e-01
-3.189515636653106334e-01
-3.299418112304529083e-01
-3.397404610538601877e-01
-3.483486949601348193e-01
-3.557970859559854704e-01
-3.621341381584177732e-01
-3.674154628339261763e-01
-3.716952135004611413e-01
-3.750210501934186369e-01
-3.774333309794478120e-01
-3.789685296582858687e-01
-3.796661369502098982e-01
-3.795776445965438062e-01
-3.787757856155611336e-01
-3.773620900713149373e-01
-3.754710236528971401e-01
-3.732694796753013855e-01
-3.709511252615547150e-01
-3.687259516422082273e-01
-3.668062051975078397e-01
-3.653905125508111751e-01
-3.646483318039272503e-01
-3.647068302994706523e-01
-3.656419407156766277e-01
-3.674747449008345379e-01
-3.701735780920659136e-01
-3.736614613205765933e-01
-3.778277641575135126e-01
-3.825424434107899674e-01
-3.876708544284734326e-01
-3.930870532986528443e-01
-3.986837502321461946e-01
-4.043776305328786735e-01
-4.101095288534255534e-01
-4.158397579921314646e-01
-4.215396056696817939e-01
-4.271805263269983222e-01
-4.327228178324663554e-01
-4.381055842329786842e-01
-4.432395861008290305e-01
-4.480042003292701858e-01
-4.522491682700374160e-01
-4.558011463751284742e-01
-4.584743565526088194e-01
-4.600839654551978630e-01
-4.604603376654127223e-01
-4.594621170828522283e-01
-4.569862335268228271e-01
-4.529733891683421221e-01
-4.474082745079814294e-01
-4.403145731752184378e-01
-4.317456194093232114e-01
-4.217722595383319728e-01
-4.104699152385936634e-01
-3.979069559720007088e-01
-3.841362412364898171e-01
-3.691911406213947422e-01
-3.530865860013326363e-01
-3.358249052332576423e-01
-3.174054664968094519e-01
-2.978366006549956757e-01
-2.771479211480749050e-01
-2.554010892134856436e-01
-2.326972866067370527e-01
-2.091801033128328213e-01
-1.850331610782033898e-01
-1.604725242798847040e-01
-1.357347291348613705e-01
-1.110619783998221949e-01
-8.668654972498406053e-02
-6.281661115790347638e-02
-3.962538497342722038e-02
-1.724504023862810306e-02
4.234030642920345172e-03
2.475867279864629733e-02
4.430403584068383360e-02
6.286174141297509732e-02
8.042704564802746758e-02
9.698700896840464769e-02
1.125115461458849192e-01
1.269488685387418214e-01
1.402262387084362849e-01
1.522561392638691335e-01
1.629470263072625991e-01
1.722170082205966846e-01
1.800082560229551432e-01
1.862997945028441460e-01
1.911165507179939660e-01
1.945331208472245166e-01
1.966715547150976739e-01
1.976933625923155691e-01
1.977867529624466048e-01
1.971507428295173614e-01
1.959782123907066187e-01
1.944401364175545877e-01
1.926730534176188392e-01
1.907713411228526001e-01
1.887851366236152351e-01
1.867238942984959515e-01
1.845647457573037775e-01
1.822641383891369371e-01
1.797708002840464059e-01
1.770379883852682690e-01
1.740332053820079217e-01
1.707440178490568228e-01
1.671791948631000946e-01
1.633650814540386909e-01
1.593378512924965018e-01
1.551329268885819901e-01
1.507733240941467878e-01
1.462589102898171900e-01
1.415585009389023208e-01
1.366063407741681668e-01
1.313038850424600168e-01
1.255270192201348722e-01
1.191380434346935024e-01
1.120010008309091504e-01
1.039983453604182706e-01
9.504663181634816216e-02
8.510896365667523777e-02
7.420237890646737278e-02
6.239912469166875725e-02
4.982172294912313310e-02
3.663267181908227282e-02
2.302038336716909217e-02
9.183432247402324375e-03
-4.684655493275680094e-03
-1.840801514058458890e-02
-3.183684515278137339e-02
-4.485063012730075571e-02
-5.735600586536369894e-02
-6.927992594060015941e-02
-8.055950907775290271e-02
-9.113043022512022640e-02
-1.009159487026160262e-01
-1.098186125298758198e-01
-1.177162773075328822e-01
-1.244633673935653800e-01
-1.298974398553452703e-01
-1.338502667057728246e-01
-1.361619795625871321e-01
-1.366964058535836135e-01
-1.353555714184184744e-01
-1.320914437993505886e-01
-1.269133424260087961e-01
-1.198899953881512048e-01
-1.111458942018359874e-01
-1.008523344582765713e-01
-8.921428345883120059e-02
-7.645487566983272254e-02
-6.279974538029289843e-02
-4.846344492070088494e-02
-3.363984519321008143e-02
-1.849774979492715271e-02
-3.182111673335693679e-03
1.217964397279296465e-02
2.746751700952557509e-02
4.255705020027183982e-02
5.730803327460230745e-02
7.155606868111244467e-02
8.510873140015108584e-02
9.774724341559910823e-02
1.092337066029510084e-01
1.193231074354374754e-01
1.277786058189454566e-01
1.343881482458306187e-01
1.389802675927746811e-01
1.414370523847883754e-01
1.417026500975379355e-01
1.397862537108931769e-01
1.357592444008246524e-01
1.297469429942988139e-01
1.219161423847811287e-01
1.124601526788180789e-01
1.015834348103367840e-01
8.948796353372806545e-02
7.636318189537726064e-02
6.238080532142489115e-02
4.769492645763735716e-02
3.244702411428334460e-02
1.677473133456410664e-02
8.226486384414531759e-04
-1.524687592875969763e-02
-3.124519780012702599e-02
-4.695303138563713952e-02
-6.212165607036510689e-02
-7.648009113304564399e-02
-8.974764550366064186e-02
-1.016503517278318780e-01
-1.119391577535761156e-01
-1.204074583802303006e-01
-1.269056198107252620e-01
-1.313505651088206494e-01
-1.337291800714847656e-01
-1.340951451187839816e-01
-1.325596723336710803e-01
-1.292774379557022069e-01
-1.244296491374514424e-01
-1.182065413219833827e-01
-1.107915940940311234e-01
-1.023494008441837577e-01
-9.301850932912772429e-02
-8.290977935910198715e-02
-7.211001612616289858e-02
-6.068993242241134400e-02
-4.871490720758941961e-02
-3.625657907771041161e-02
-2.340313649352337294e-02
-1.026634462062050827e-02
3.016118505998043736e-03
1.628367353078768315e-02
2.936098784044938528e-02
4.207019465780108963e-02
5.424541202439507603e-02
6.574738774935444396e-02
7.647606586234226289e-02
8.637916922230376437e-02
9.545545082209008769e-02
1.037520110668752882e-01
1.113559168815667355e-01
1.183811954156286234e-01
1.249530023335048007e-01
1.311912387618171527e-01
1.371959947805989899e-01
1.430369102318307661e-01
1.487479242027572035e-01
1.543280321044261383e-01
1.597477200688787735e-01
1.649598599284449740e-01
1.699131718077719344e-01
1.745660091905583966e-01
1.788982459919868928e-01
1.829194076557191795e-01
1.866717910630710242e-01
1.902280706987732883e-01
1.936837098824687187e-01
1.971452817589518791e-01
2.007164329709983375e-01
2.044835830539305233e-01
2.085034823788397551e-01
2.127944661969544682e-01
2.173327094516993852e-01
2.220540802692976268e-01
2.268614004121793370e-01
2.316361623071736819e-01
2.362531143608291306e-01
2.405956734992396595e-01
2.445699312034749773e-01
2.481151610148413789e-01
2.512092485315621793e-01
2.538682930379306812e-01
2.561405923419199371e-01
2.580961098448974478e-01
2.598132107330337059e-01
2.613648787390265293e-01
2.628067181437904742e-01
2.641687564593737658e-01
2.654524217701463296e-01
2.666331969990561324e-01
2.676685171410836395e-01
2.685096348478809847e-01
2.691155569998457953e-01
2.694668283209936122e-01
2.695769514513252640e-01
2.694995836048280080e-01
2.693302801288190995e-01
2.692023640055434819e-01
2.692773550427451368e-01
2.697311620930724629e-01
2.707378304713233819e-01
2.724529727246629007e-01
2.749990373026466872e-01
2.784542780629083447e-01
2.828467404094765492e-01
2.881538776449145134e-01
2.943076476061515234e-01
3.012042045033042070e-01
3.087166848174390799e-01
3.167091619638836009e-01
3.250496733311745712e-01
3.336203590791097517e-01
3.423232115939523479e-01
3.510806724561618686e-01
3.598312074198102839e-01
3.685208523069104514e-01
3.770923771083665721e-01
3.854740743265894221e-01
3.935702476680935646e-01
4.012552815573082188e-01
4.083726859630213979e-01
4.147397327047501192e-01
4.201573562833484932e-01
4.244241035373852999e-01
4.273522626160374815e-01
4.287839684648553362e-01
4.286050939073169919e-01
4.267550737087781876e-01
4.232313976612182560e-01
4.180882484003061728e-01
4.114295636927293165e-01
4.033975758546500257e-01
3.941585142806333097e-01
3.838875483685200707e-01
3.727551110516262312e-01
3.609164505962759728e-01
3.485056801497768419e-01
3.356348565996128963e-01
3.223978407899429355e-01
3.088779742645982318e-01
2.951580574109812227e-01
2.813308017090467850e-01
2.675078673717555255e-01
2.538257702809392780e-01
2.404473313102379606e-01
2.275579336433024569e-01
2.153566232083829746e-01
2.040429376834271280e-01
1.938011063742139939e-01
1.847837638836839769e-01
1.770974757991334581e-01
1.707921567042821054e-01
1.658559055669160676e-01
1.622160026032741786e-01
1.597459453781085725e-01
1.582775629771090153e-01
1.576165305068349676e-01
1.575591151456033900e-01
1.579078206376553772e-01
1.584838265157549053e-01
1.591347202684350592e-01
1.597368596209937652e-01
1.601925957640011611e-01
1.604233826500946480e-01
1.603603659519113878e-01
1.599343013188957163e-01
1.590666089834220087e-01
1.576631207821261593e-01
1.556116695574411568e-01
1.527841091949404539e-01
1.490426681605283854e-01
1.442498264311086187e-01
1.382802996386688354e-01
1.310333482144346307e-01
1.224435717711559457e-01
1.124885806967484553e-01
1.011923888593054127e-01
8.862395259545108317e-02
7.489090573257524419e-02
6.012916563539578291e-02
4.448968951399941141e-02
2.812417116028783151e-02
1.117175979133976788e-02
-6.251158541167939169e-03
-2.405650621217790205e-02
-4.218455010849900960e-02
-6.059853385091415467e-02
-7.927488763872236888e-02
-9.819066054324347703e-02
-1.173102091811381031e-01
-1.365732597693246897e-01
-1.558862461295324742e-01
-1.751183659149463390e-01
-1.941031455795787786e-01
-2.126455100160829503e-01
-2.305334938982792625e-01
-2.475529548744871688e-01
-2.635031485483496638e-01
-2.782109395631747750e-01
-2.915417448760220798e-01
-3.034059145021232307e-01
-3.137600005665182046e-01
-3.226031098731910740e-01
-3.299691828582114184e-01
-3.359165458423814532e-01
-3.405164175381280578e-01
-3.438421850588294082e-01
-3.459611548542546600e-01
-3.469300921807966231e-01
-3.467952266568078423e-01
-3.455966544314313382e-01
-3.433763578216526002e-01
-3.401884856272899826e-01
-3.361101507347765138e-01
-3.312508564035112624e-01
-3.257587827276067216e-01
-3.198225468547471473e-01
-3.136676705980346314e-01
-3.075477616081569998e-01
-3.017311994013862630e-01
-2.964848024503824453e-01
-2.920564567849683879e-01
-2.886589117304578789e-01
-2.864568178281886590e-01
-2.855586121357610030e-01
-2.860141464918232734e-01
-2.878181346963581966e-01
-2.909186861107538880e-01
-2.952294917455097201e-01
-3.006437251497447449e-01
-3.070475143917262284e-01
-3.143309866726444746e-01
-3.223953474912838457e-01
-3.311551561273448074e-01
-3.405358024899625136e-01
-3.504670140872341855e-01
-3.608738474785136430e-01
-3.716669617279495519e-01
-3.827340347444146418e-01
-3.939339896794595286e-01
-4.050952732207471763e-01
-4.160188062719686330e-01
-4.264854884934730639e-01
-4.362674317796839119e-01
-4.451415664916920090e-01
-4.529039414770669181e-01
-4.593829030375471412e-01
-4.644494119222300488e-01
-4.680230862076047438e-01
-4.700731426312530492e-01
-4.706141727361675131e-01
-4.696974805769947858e-01
-4.673993630026839208e-01
-4.638081227762309022e-01
-4.590117244409370745e-01
-4.530878581108253589e-01
-4.460978315106536307e-01
-4.380851898273412925e-01
-4.290792546186620315e-01
-4.191029410427556945e-01
-4.081834428783822633e-01
-3.963638659984637935e-01
-3.837137344146998585e-01
-3.703364792153879814e-01
-3.563725018556527235e-01
-3.419971095694169794e-01
-3.274134429873328256e-01
-3.128413078349823739e-01
-2.985034453308357261e-01
-2.846111373998065908e-01
-2.713510982090948098e-01
-2.588753666833281120e-01
-2.472954536362566291e-01
-2.366813801921542337e-01
-2.270655286404157924e-01
-2.184505121327926513e-01
-2.108196945072687567e-01
-2.041486506509340160e-01
-1.984157627408771052e-01
-1.936102845780307558e-01
-1.897365722422451328e-01
-1.868137471937024729e-01
-1.848707572334577776e-01
-1.839375282628691877e-01
-1.840335344758979863e-01
-1.851555617381505925e-01
-1.872666465685143278e-01
-1.902880864999713095e-01
-1.940959939202542561e-01
-1.985231627335211080e-01
-2.033661925960181249e-01
-2.083970336104315757e-01
-2.133775018260356815e-01
-2.180749475879649735e-01
-2.222771397868406329e-01
-2.258045436917899551e-01
-2.285185329843400504e-01
-2.303246738363523838e-01
-2.311709567972535240e-01
-2.310416125360084671e-01
-2.299478301753943021e-01
-2.279171923557445634e-01
-2.249838212670901283e-01
-2.211810168333935844e-01
-2.165376147011634778e-01
-2.110785675739388079e-01
-2.048295388669890971e-01
-1.978246924485168035e-01
-1.901163917606966125e-01
-1.817851992688885865e-01
-1.729484254367449347e-01
-1.637655575299274413e-01
-1.544392324145865414e-01
-1.452109884283944163e-01
-1.363517647106488317e-01
-1.281478990216926295e-01
-1.208840765135064249e-01
-1.148251757717453081e-01
-1.101991541938946578e-01
-1.071829816552006820e-01
-1.058932050907780142e-01
-1.063820900594093788e-01
-1.086395315332429612e-01
-1.126001430410130122e-01
-1.181542205229285658e-01
-1.251607484073044008e-01
-1.334603690122239117e-01
-1.428863307981077246e-01
-1.532718658737132200e-01
-1.644531407755699393e-01
-1.762677299954674426e-01
-1.885493303124490261e-01
-2.011200606111400446e-01
-2.137821122121980610e-01
-2.263106787910318940e-01
-2.384499535222655564e-01
-2.499135204149925960e-01
-2.603897586311175183e-01
-2.695520634502143187e-01
-2.770729079179247711e-01
-2.826401441092253886e-01
-2.859735771465169440e-01
-2.868397972013766450e-01
-2.850635028231187640e-01
-2.805340275750307089e-01
-2.732064174467710993e-01
-2.630971106805755078e-01
-2.502749654745226038e-01
-2.348490020180296900e-01
-2.169546754882980544e-01
-1.967406624913792812e-01
-1.743579962722261734e-01
-1.499529863288354414e-01
-1.236647652368381700e-01
-9.562756645199799177e-02
-6.597705632450741320e-02
-3.485938495367175288e-02
-2.441215325926962554e-03
3.108112520311291302e-02
6.547507858243580003e-02
1.004691973796290327e-01
1.357551336167956146e-01
1.709943276325011918e-01
2.058287651416894903e-01
2.398945520087980288e-01
2.728365691753701361e-01
3.043222377497377673e-01
3.340525386133062491e-01
3.617688647924259260e-01
3.872549470801332494e-01
4.103338892172271879e-01
4.308611543622761775e-01
4.487150027911359085e-01
4.637862508125605854e-01
4.759692330884301437e-01
4.851555555909455308e-01
4.912317608122409029e-01
4.940814883271994473e-01
4.935921210732708841e-01
4.896652816190568691e-01
4.822299495554361881e-01
4.712564981861563917e-01
4.567696892259121011e-01
4.388586984034966720e-01
4.176826005664278085e-01
3.934703738840961695e-01
3.665152687741585757e-01
3.371641663776760445e-01
3.058031963584961765e-01
2.728413359415799433e-01
2.386939364806093533e-01
2.037680916713962564e-01
1.684514729088517071e-01
1.331057265256709032e-01
9.806479217502223067e-02
6.363768007077609534e-02
3.011451682897017812e-02
-2.225822052101891508e-03
-3.310836533295531681e-02
-6.225673792352934277e-02
-8.939126107846488700e-02
-1.142312651037538929e-01
-1.365017418272808924e-01
-1.559437350204916639e-01
-1.723271883392710202e-01
-1.854644750923826468e-01
-1.952226201601141298e-01
-2.015323363314960869e-01
-2.043924349635191928e-01
-2.038688711521012831e-01
-2.000885043619220760e-01
-1.932284114881930304e-01
-1.835021406961497015e-01
-1.711446074774345960e-01
-1.563974417414834284e-01
-1.394965067437329287e-01
-1.206630041823025246e-01
-1.000990644691741455e-01
-7.798806185339390851e-02
-5.449918555655105384e-02
-2.979515563025759289e-02
-4.041503703118808945e-03
2.258438625534831684e-02
4.988622269702640277e-02
7.764514449482129432e-02
1.056203185870429329e-01
1.335540013013783722e-01
1.611805403029095418e-01
1.882381109683007869e-01
2.144815128745596045e-01
2.396942040191405721e-01
2.636979000606787249e-01
2.863584336845074740e-01
3.075870812065575888e-01
3.273371809913691588e-01
3.455965746808352113e-01
3.623771079377694493e-01
3.777029439954459611e-01
3.915996216366167681e-01
4.040856202782172613e-01
4.151677589523526390e-01
4.248411431415013428e-01
4.330936605468414524e-01
4.399143037129941702e-01
4.453039937096609502e-01
4.492872172806621212e-01
4.519226994744488524e-01
4.533114661729598649e-01
4.536009700098612707e-01
4.529844457790711543e-01
4.516952865157981001e-01
4.499969100981583425e-01
4.481692167564624296e-01
4.464932174952977451e-01
4.452356663850509655e-01
4.446355090468184779e-01
4.448936538042716493e-01
4.461670346431368395e-01
4.485672726438181823e-01
4.521635646100414796e-01
4.569888331402942039e-01
4.630477565767038284e-01
4.703251232921675795e-01
4.787930156781969315e-01
4.884155718608405583e-01
4.991504627772740399e-01
5.109467562911663707e-01
5.237394901815634052e-01
5.374419258827667356e-01
5.519369365528279392e-01
5.670691979809264760e-01
5.826398102519064759e-01
5.984047148635218694e-01
6.140777870860636423e-01
6.293388052774763208e-01
6.438457414542626545e-01
6.572501398328473021e-01
6.692138807056998706e-01
6.794254330830966637e-01
6.876137946586771132e-01
6.935586820627769322e-01
6.970961075805526264e-01
6.981191294675650472e-01
6.965741522425418220e-01
6.924536480325275134e-01
6.857865964644683787e-01
6.766282371876771728e-01
6.650507715043399992e-01
6.511363963106850949e-01
6.349735676887057201e-01
6.166567756786089927e-01
5.962894916521256361e-01
5.739894345735813141e-01
5.498949288022975113e-01
5.241709107357481745e-01
4.970131388556192631e-01
4.686493989420797424e-01
4.393369287904855258e-01
4.093558490274762374e-01
3.789990140288602150e-01
3.485592957658751323e-01
3.183157688379583128e-01
2.885204896972318744e-01
2.593875273081376331e-01
2.310856325871667727e-01
2.037354812332086706e-01
1.774118264627927988e-01
1.521502001152362504e-01
1.279571124708926422e-01
1.048221791165151601e-01
8.273036596190605496e-02
6.167261617653933825e-02
4.165344967266241399e-02
2.269463267225716244e-02
4.834642365282336603e-03
-1.187568686913123908e-02
-2.738038636705667286e-02
-4.162713063039475553e-02
-5.457609476176330382e-02
-6.620744544101617168e-02
-7.652624842219944712e-02
-8.556398958057814808e-02
-9.337642087663301782e-02
-1.000379724392220782e-01
-1.056334821471505286e-01
-1.102484542490236169e-01
-1.139593783175125580e-01
-1.168257017822407623e-01
-1.188848210397595861e-01
-1.201510059427266103e-01
-1.206185762393036931e-01
-1.202689676329830176e-01
-1.190806599351141165e-01
-1.170404323812342245e-01
-1.141541844347863655e-01
-1.104556515450636073e-01
-1.060116931474354707e-01
-1.009233315780937723e-01
-9.532229553320388515e-02
-8.936342735504589074e-02
-8.321390934604340484e-02
-7.704077760891291093e-02
-7.099851613397539785e-02
-6.521855227946952993e-02
-5.980216612106156737e-02
-5.481774722599332128e-02
-5.030261823657610626e-02
-4.626893619915934536e-02
-4.271259794130972259e-02
-3.962368880245275421e-02
-3.699685132705626128e-02
-3.484001349739669628e-02
-3.318018720278156919e-02
-3.206548659908611126e-02
-3.156306965687833560e-02
-3.175331016780254256e-02
-3.272107182837016848e-02
-3.454538287182324502e-02
-3.728904029744455062e-02
-4.098968824551613849e-02
-4.565370394797026166e-02
-5.125379759935527746e-02
-5.773066338670352488e-02
-6.499842972137252761e-02
-7.295314192900118067e-02
-8.148309571094346226e-02
-9.047953668920127868e-02
-9.984611410452588764e-02
-1.095056147704850102e-01
-1.194029420421956478e-01
-1.295039678413479334e-01
-1.397906017237539877e-01
-1.502530166758954122e-01
-1.608803640902604082e-01
-1.716515017097100526e-01
-1.825272515555506070e-01
-1.934454748554168824e-01
-2.043198093890206957e-01
-2.150423412048495797e-01
-2.254898811253028545e-01
-2.355329853639027415e-01
-2.450464753189942890e-01
-2.539200114457510482e-01
-2.620672799259077257e-01
-2.694325717577872314e-01
-2.759939393624548654e-01
-2.817626223021960641e-01
-2.867789610556678026e-01
-2.911055083588873216e-01
-2.948184389256099380e-01
-2.979985939945273277e-01
-3.007235476268817487e-01
-3.030619224140215784e-01
-3.050708042272421983e-01
-3.067965639169112357e-01
-3.082787978725942679e-01
-3.095565648760116861e-01
-3.106757195761614132e-01
-3.116959761410317276e-01
-3.126963784421450399e-01
-3.137780741242203741e-01
-3.150636459935720612e-01
-3.166926995526442856e-01
-3.188139123679174514e-01
-3.215742924165769789e-01
-3.251068887279029429e-01
-3.295185259998902327e-01
-3.348792026964804713e-01
-3.412145794238111707e-01
-3.485025428242746193e-01
-3.566742503251253971e-01
-3.656194301226846077e-01
-3.751951167778213581e-01
-3.852365496611953044e-01
-3.955687254976081868e-01
-4.060170907218011993e-01
-4.164160711656793579e-01
-4.266145453904481299e-01
-4.364779087270910241e-01
-4.458869446631711364e-01
-4.547342326493208353e-01
-4.629192100027946233e-01
-4.703431969006438562e-01
-4.769056400330504153e-01
-4.825025537928515629e-01
-4.870277077081703876e-01
-4.903766080739545008e-01
-4.924528418122950946e-01
-4.931759682366541608e-01
-4.924898862076497186e-01
-4.903704720722482646e-01
-4.868312994264438753e-01
-4.819264445412173581e-01
-4.757497525220246160e-01
-4.684304304586229262e-01
-4.601253340898053268e-01
-4.510087461611748116e-01
-4.412607981495875742e-01
-4.310559281372593476e-01
-4.205528038080152409e-01
-4.098869168646738781e-01
-3.991666197296924734e-01
-3.884728425898836823e-01
-3.778622148058477515e-01
-3.673728682674642365e-01
-3.570318253727106095e-01
-3.468626299445775607e-01
-3.368918641413453097e-01
-3.271534233102522116e-01
-3.176898306835202468e-01
-3.085504162160532249e-01
-2.997867880315220890e-01
-2.914465440475357827e-01
-2.835664748552594872e-01
-2.761665650229508384e-01
-2.692459417466099292e-01
-2.627815983040997505e-01
-2.567302801460510375e-01
-2.510334051015776224e-01
-2.456243812922625502e-01
-2.404373111557688847e-01
-2.354158928287300723e-01
-2.305213212407383749e-01
-2.257381058658677608e-01
-2.210769482962301746e-01
-2.165741615960323774e-01
-2.122875661906977185e-01
-2.082893254442088893e-01
-2.046566684667315839e-01
-2.014617600735348624e-01
-1.987620745316437953e-01
-1.965925315669845574e-01
-1.949603987000595728e-01
-1.938435963811158125e-01
-1.931925902653658933e-01
-1.929355491897047081e-01
-1.929859684677986686e-01
-1.932516066520066633e-01
-1.936434081561141107e-01
-1.940830940467367927e-01
-1.945083118463506455e-01
-1.948746241381026367e-01
-1.951541231609194016e-01
-1.953310177166185102e-01
-1.953950559672379406e-01
-1.953339952284571523e-01
-1.951264369900730933e-01
-1.947362294163414165e-01
-1.941093432057047208e-01
-1.931737104301477215e-01
-1.918420619167547359e-01
-1.900173538866455347e-01
-1.875999650947204611e-01
-1.844955523742916048e-01
-1.806223614282728152e-01
-1.759169004001399639e-01
-1.703371492002935528e-01
-1.638628580444844163e-01
-1.564929302035780734e-01
-1.482403196007567592e-01
-1.391252389855235361e-01
-1.291677118905634192e-01
-1.183805907775728611e-01
-1.067641110630313805e-01
-9.430284897281586420e-02
-8.096560457183207826e-02
-6.670829367721685388e-02
-5.147948039836272582e-02
-3.522778276553319154e-02
-1.791009801364085857e-02
5.005307677141913793e-04
2.000853252927832504e-02
4.059181772535222499e-02
6.220072555356286753e-02
8.475998587432534426e-02
1.081732549172174096e-01
1.323293360796750917e-01
1.571089523744653715e-01
1.823909323323500142e-01
2.080568374397400166e-01
2.339933306958167369e-01
2.600919477905219157e-01
2.862463613337500878e-01
3.123476622575215300e-01
3.382785461896197221e-01
3.639075066857059282e-01
3.890841502501066196e-01
4.136365935107149672e-01
4.373716448803668388e-01
4.600781218657779004e-01
4.815332238760506312e-01
5.015114420149784369e-01
5.197951165082801417e-01
5.361854998469461897e-01
5.505130967509771489e-01
5.626461427585804920e-01
5.724963217008245397e-01
5.800211819363518817e-01
5.852231583518485714e-01
5.881455680748370884e-01
5.888663404028197101e-01
5.874905061635884440e-01
5.841425667039296110e-01
5.789597816826549392e-01
5.720871938614541241e-01
5.636748879407215140e-01
5.538775934935852296e-01
5.428563330893707572e-01
5.307814274871696103e-01
5.178358523072752462e-01
5.042177860509423626e-01
4.901412831799880077e-01
4.758343477824467649e-01
4.615341795973839645e-01
4.474798849834368819e-01
4.339033796292325329e-01
4.210194995437326337e-01
4.090164733014983178e-01
3.980478873855840538e-01
3.882270913360876818e-01
3.796246708912403567e-01
3.722692232034321980e-01
3.661512478477248478e-01
3.612295717955505414e-01
3.574394172756819033e-01
3.547010521518843551e-01
3.529279607924871720e-01
3.520336178609205224e-01
3.519361798488447324e-01
3.525606989994277685e-01
3.538388116284061358e-01
3.557062209909596651e-01
3.580986220847959811e-01
3.609469704311412119e-01
3.641731376602139747e-01
3.676869568268378852e-01
3.713854321311602091e-01
3.751545293062644726e-01
3.788735319690855752e-01
3.824215114416292804e-01
3.856850923911961382e-01
3.885664460286681332e-01
3.909903160705610059e-01
3.929089082584807380e-01
3.943037000193488906e-01
3.951836766635660747e-01
3.955801210765325648e-01
3.955387251386155434e-01
3.951102703017215223e-01
3.943413291829536704e-01
3.932663607586652788e-01
3.919022692139584318e-01
3.902460670659830266e-01
3.882758191955099636e-01
3.859545961744458298e-01
3.832367607591640746e-01
3.800755932032375273e-01
3.764310805627478218e-01
3.722766964810440560e-01
3.676041947578614355e-01
3.624257821710010763e-01
3.567734415686202309e-01
3.506956021624583753e-01
3.442517636440330930e-01
3.375059762743278235e-01
3.305201787693228255e-01
3.233483380425424825e-01
3.160322079782377225e-01
3.085993444693697074e-01
3.010637336228956795e-01
2.934289936189880543e-01
2.856936715368732504e-01
2.778577928547651954e-01
2.699296062244017080e-01
2.619314120005372670e-01
2.539034721427694263e-01
2.459052715667146838e-01
2.380138029453509052e-01
2.303190130187568185e-01
2.229170031131872676e-01
2.159019357267871475e-01
2.093577965730971657e-01
2.033511824964152892e-01
1.979261351590033691e-01
1.931017230816465535e-01
1.888726336209780587e-01
1.852125505090120583e-01
1.820796448188491401e-01
1.794231839416526864e-01
1.771901231771347562e-01
1.753305858254605998e-01
1.738013323269714805e-01
1.725666385036671302e-01
1.715963996440193762e-01
1.708617017006748007e-01
1.703285164187629541e-01
1.699505144832956505e-01
1.696621632466115137e-01
1.693732664076320893e-01
1.689659439445684863e-01
1.682947436887492210e-01
1.671901322576662685e-01
1.654651000796315274e-01
1.629241229189545004e-01
1.593733588374865728e-01
1.546308246396824182e-01
1.485353810957653897e-01
1.409535651748496377e-01
1.317835906887631636e-01
1.209562008542233447e-01
1.084324754921029699e-01
9.419913058983064857e-02
7.826225223882514459e-02
6.064069206859955263e-02
4.136041963065655025e-02
2.045094607347445331e-02
-2.055461731293023279e-03
-2.612158188478981569e-02
-5.170039466454431215e-02
-7.872839333567334397e-02
-1.071181710635808748e-01
-1.367515577718509678e-01
-1.674745334087435200e-01
-1.990949277904635328e-01
-2.313835649607620393e-01
-2.640790268972536547e-01
-2.968956549039294401e-01
-3.295339107598050377e-01
-3.616919022645556092e-01
-3.930767938888420354e-01
-4.234149531381858900e-01
-4.524599274101201440e-01
-4.799976213831753102e-01
-5.058483703810703336e-01
-5.298660108814841063e-01
-5.519344799696411785e-01
-5.719628389102531241e-01
-5.898798401826207405e-01
-6.056291924870752519e-01
-6.191665153289431789e-01
-6.304586476362425973e-01
-6.394855292362349175e-01
-6.462443813135563264e-01
-6.507554774912750473e-01
-6.530684871820460202e-01
-6.532681936859071614e-01
-6.514783662335126291e-01
-6.478627381207006097e-01
-6.426223970387003881e-01
-6.359893838877651584e-01
-6.282168808689526651e-01
-6.195669520663884544e-01
-6.102972333462739485e-01
-6.006481565287407065e-01
-5.908322130197392053e-01
-5.810264245245074788e-01
-5.713686651806840766e-01
-5.619579185885966721e-01
-5.528580755389729262e-01
-5.441045061932067162e-01
-5.357123577009069715e-01
-5.276853504050492694e-01
-5.200238200788277476e-01
-5.127309163722827412e-01
-5.058162028370137842e-01
-4.992963424439452735e-01
-4.931930118249138184e-01
-4.875285978255765040e-01
-4.823205347589942238e-01
-4.775753090717831939e-01
-4.732831924231442611e-01
-4.694146727130827923e-01
-4.659193344051326680e-01
-4.627276023692132867e-01
-4.597553365620383747e-01
-4.569107996015647766e-01
-4.541030815057008341e-01
-4.512507343330776077e-01
-4.482892435922082308e-01
-4.451761138677418628e-01
-4.418927452127320854e-01
-4.384428221021758332e-01
-4.348475103195872382e-01
-4.311382459341293050e-01
-4.273482391097422894e-01
-4.235040049996309230e-01
-4.196182614416880119e-01
-4.156853394687859415e-01
-4.116798387679055371e-01
-4.075587303496149283e-01
-4.032665624707189589e-01
-3.987429214410058154e-01
-3.939309309254264702e-01
-3.887854427546133529e-01
-3.832796792557511267e-01
-3.774093576282291918e-01
-3.711937086101129712e-01
-3.646732639319238412e-01
-3.579047674144477664e-01
-3.509539687812632258e-01
-3.438873201742675967e-01
-3.367637180881059011e-01
-3.296274511434497678e-01
-3.225034072472913182e-01
-3.153953097822820295e-01
-3.082872990593283347e-01
-3.011486407452730329e-01
-2.939408446644258821e-01
-2.866261136563609813e-01
-2.791758543015784855e-01
-2.715779528485234295e-01
-2.638416400535925632e-01
-2.559990667218482452e-01
-2.481031958083192712e-01
-2.402222179557100268e-01
-2.324312895690360814e-01
-2.248028454764240125e-01
-2.173969633459824080e-01
-2.102532337059786760e-01
-2.033853372547143046e-01
-1.967790796185314717e-01
-1.903940533561527260e-01
-1.841685083077316820e-01
-1.780265219906714547e-01
-1.718862366830229971e-01
-1.656678151486938588e-01
-1.592998862436519336e-01
-1.527235772138676728e-01
-1.458936739306180563e-01
-1.387769080246871456e-01
-1.313477820715329147e-01
-1.235826917174126655e-01
-1.154533469432994786e-01
-1.069205823358357482e-01
-9.792957950773104048e-02
-8.840735071154885716e-02
-7.826307518095887428e-02
-6.739153049528151529e-02
-5.567943361446521522e-02
-4.301405408401775404e-02
-2.929306358559745360e-02
-1.443432225208108981e-02
1.615776692556668021e-03
1.887665361973211997e-02
3.733147698347352716e-02
5.692903076079377372e-02
7.758922031412875120e-02
9.921134563125888484e-02
1.216838692908943365e-01
1.448942206097788010e-01
1.687372046750934274e-01
1.931208036434251818e-01
2.179685390592885352e-01
2.432180806849279231e-01
2.688163882793301873e-01
2.947122603993116985e-01
3.208476198819010805e-01
3.471490871989315052e-01
3.735213231904286335e-01
3.998432726922386271e-01
4.259678997653664756e-01
4.517254212020453963e-01
4.769295565623639654e-01
5.013859734717034389e-01
5.249018850823966575e-01
5.472956343222923348e-01
5.684051226432256243e-01
5.880941334162846923e-01
6.062559115351460193e-01
6.228137390710369869e-01
6.377186641383228993e-01
6.509449449175934710e-01
6.624840941980154607e-01
6.723385934928779450e-01
6.805163508508332848e-01
6.870268144519032782e-01
6.918793810901908703e-01
6.950843957785104443e-01
6.966566445266805241e-01
6.966208289409845378e-01
6.950181270581774484e-01
6.919126577837935166e-01
6.873965682864300319e-01
6.815926120510207298e-01
6.746534531914161192e-01
6.667574458611850163e-01
6.581012041155651637e-01
6.488897828432442783e-01
6.393256442558699071e-01
6.295977600064542878e-01
6.198721907359333594e-01
6.102852744908973115e-01
6.009401409409845796e-01
5.919067117416025869e-01
5.832247878259139151e-01
5.749094081569954273e-01
5.669574482415167260e-01
5.593543818504479459e-01
5.520802176769927794e-01
5.451138162633245576e-01
5.384350624632537885e-01
5.320246955221933360e-01
5.258619517345026750e-01
5.199205010280641970e-01
5.141634307520674962e-01
5.085382281730250753e-01
5.029727834572419454e-01
4.973733469295854581e-01
4.916251518929035114e-01
4.855960665426011791e-01
4.791431709172002673e-01
4.721216500635204150e-01
4.643949825685795285e-01
4.558451582115051748e-01
4.463815920519907943e-01
4.359475279384182889e-01
4.245230499276863023e-01
4.121243032824818409e-01
3.987990751037892023e-01
3.846193916215659980e-01
3.696721861422946342e-01
3.540493572473377148e-01
3.378386369447017867e-01
3.211165626788691774e-01
3.039444780460858753e-01
2.863679376409230537e-01
2.684192765436707595e-01
2.501225635567706496e-01
2.314998224279004313e-01
2.125773321054556519e-01
1.933909457567558332e-01
1.739895973724339406e-01
1.544364359960345434e-01
1.348073388557193830e-01
1.151869283328640498e-01
9.566262698017144461e-02
7.631761894005625879e-02
5.722375212766895453e-02
3.843541746725712138e-02
1.998530629867718497e-02
1.882680336269083182e-03
-1.588556517427711784e-02
-3.335113664534319899e-02
-5.055833489877705617e-02
-6.755660882188080363e-02
-8.439272962663441069e-02
-1.011037604527324496e-01
-1.177119430366348612e-01
-1.342223696873686423e-01
-1.506238662638657577e-01
-1.668929707080351044e-01
-1.830003665743814012e-01
-1.989187251030335446e-01
-2.146306955875028066e-01
-2.301357698534206020e-01
-2.454549037719355731e-01
-2.606320971893087979e-01
-2.757325972204019426e-01
-2.908379298821160974e-01
-3.060384830211561047e-01
-3.214247601462482673e-01
-3.370786121190307294e-01
-3.530657012135785533e-01
-3.694301987680367882e-01
-3.861923202673545608e-01
-4.033488255563594249e-01
-4.208761438060719118e-01
-4.387354022682265486e-01
-4.568784003080780809e-01
-4.752535008028068719e-01
-4.938104885322497362e-01
-5.125036342101764175e-01
-5.312924916824764976e-01
-5.501403180327101294e-01
-5.690103712148649739e-01
-5.878606534558754593e-01
-6.066379242935896476e-01
-6.252719855020621997e-01
-6.436712930223706941e-01
-6.617208444395412670e-01
-6.792830128711236926e-01
-6.962015710712174954e-01
-7.123086559202314039e-01
-7.274339664659924543e-01
-7.414151320435176107e-01
-7.541079668000427727e-01
-7.653952799430788767e-01
-7.751930645817638466e-01
-7.834532380523353545e-01
-7.901626007241254745e-01
-7.953382279312679604e-01
-7.990200304720417313e-01
-8.012616529470462101e-01
-8.021211356790589608e-01
-8.016527436306315479e-01
-7.999010578203313848e-01
-7.968979433001318613e-01
-7.926624949452787394e-01
-7.872036170840597258e-01
-7.805245578547411744e-01
-7.726285004763504549e-01
-7.635242206699366374e-01
-7.532308723934324490e-01
-7.417811484392891064e-01
-7.292223197713458838e-01
-7.156149481044251637e-01
-7.010293889347636309e-01
-6.855405335834180436e-01
-6.692215129718108724e-01
-6.521372456408384144e-01
-6.343387446768984361e-01
-6.158590225140172514e-01
-5.967112677689837552e-01
-5.768897097660669049e-01
-5.563732358586148674e-01
-5.351314298395799529e-01
-5.131323165434041877e-01
-4.903507666092921657e-01
-4.667763040282235099e-01
-4.424190878330352406e-01
-4.173131594388678756e-01
-3.915165492521511803e-01
-3.651083520965755502e-01
-3.381833205041210877e-01
-3.108448728667824734e-01
-2.831976530226130717e-01
-2.553408608615239661e-01
-2.273634521085484417e-01
-1.993419691577039410e-01
-1.713412546183194496e-01
-1.434177122364680423e-01
-1.156242605222822795e-01
-8.801581218509339777e-02
-6.065406532268410866e-02
-3.361057643555348529e-02
-6.967435859031994097e-03
1.918469233732813042e-02
4.475096987490865402e-02
6.963868782693262427e-02
9.376473037368460162e-02
1.170633523815366173e-01
1.394933721153828743e-01
1.610438683515021119e-01
1.817375530002235395e-01
2.016312069313932476e-01
2.208129086243098282e-01
2.393962167346036229e-01
2.575119222619952075e-01
2.752983486694390303e-01
2.928913406403274577e-01
3.104150441828013030e-01
3.279744370651366814e-01
3.456503703702784036e-01
3.634975858101571755e-01
3.815457466303169287e-01
3.998030396994142754e-01
4.182615093177398102e-01
4.369030404909408638e-01
4.557048216423777998e-01
4.746432041553375614e-01
4.936951799041050526e-01
5.128372009601819270e-01
5.320416528878917362e-01
5.512717921511874897e-01
5.704762363262929625e-01
5.895841292133776612e-01
6.085019467587639008e-01
6.271126172930301390e-01
6.452772345589017355e-01
6.628392100954140220e-01
6.796303427210366177e-01
6.954780376748760373e-01
7.102127812638358018e-01
7.236749563623050552e-01
7.357201868502761810e-01
7.462226257206563407e-01
7.550758883147203893e-01
7.621915992521672845e-01
7.674957693302054684e-01
7.709235076065351633e-01
7.724128887402305077e-01
7.718990103084841792e-01
7.693092851811197397e-01
7.645608276557708249e-01
7.575604778283139273e-01
7.482076278885324561e-01
7.363995949393672413e-01
7.220388539111766146e-01
7.050411028547044490e-01
6.853430226109881174e-01
6.629087297572551218e-01
6.377341775698158743e-01
6.098490324844016985e-01
5.793158551619317365e-01
5.462267915022666065e-01
5.106984051487557519e-01
4.728656425257298790e-01
4.328760830214519184e-01
3.908855426617203199e-01
3.470558083715589714e-01
3.015548460800018260e-01
2.545593321533961007e-01
2.062589150389071146e-01
1.568613091408019022e-01
1.065971847341330159e-01
5.572384237555358388e-02
4.526816956591741929e-03
-4.668120269298891428e-02
-9.756445275594835542e-02
-1.477711350074845387e-01
-1.969430132883552564e-01
-2.447268286427510819e-01
-2.907865491053003848e-01
-3.348153443029098786e-01
-3.765461934628658858e-01
-4.157601846041872884e-01
-4.522918030864356287e-01
-4.860308176336629593e-01
-5.169207421324186758e-01
-5.449542535897647921e-01
-5.701663271265707822e-01
-5.926261275219845137e-01
-6.124288000658318909e-01
-6.296882122402309712e-01
-6.445314277323285213e-01
-6.570952824182346719e-01
-6.675249736202626405e-01
-6.759741855974994440e-01
-6.826060023966324941e-01
-6.875936991199192994e-01
-6.911204830208167449e-01
-6.933774226370599258e-01
-6.945591427961111952e-01
-6.948572923911914279e-01
-6.944522010596023698e-01
-6.935034584915973355e-01
-6.921403786886386467e-01
-6.904534534796950007e-01
-6.884878785830856884e-01
-6.862399804986754059e-01
-6.836569385174211533e-01
-6.806397314944958588e-01
-6.770488653178349248e-01
-6.727121861442977302e-01
-6.674339276387775133e-01
-6.610040616018476589e-01
-6.532070450624343216e-01
-6.438291998294489726e-01
-6.326641991797041786e-01
-6.195164355157977143e-01
-6.042023726917838955e-01
-5.865503105115039695e-01
-5.663992614787659585e-01
-5.435978085633140777e-01
-5.180038200339428522e-01
-4.894857212567695348e-01
-4.579257137063894589e-01
-4.232249701864878588e-01
-3.853104827934804577e-01
-3.441429431439400055e-01
-2.997248219242270029e-01
-2.521076849438167455e-01
-2.013977614641084823e-01
-1.477589332185604565e-01
-9.141264754394133607e-02
-3.263470503026740660e-02
2.825066435886697258e-02
9.087865340407717818e-02
1.548526784908294540e-01
2.197531184696875917e-01
2.851450823199228046e-01
3.505845226445352680e-01
4.156223253680482177e-01
4.798063483619531278e-01
5.426817329625482911e-01
6.037901380617471947e-01
6.626687522099540262e-01
7.188499644513342002e-01
7.718624451975490963e-01
8.212341565649767805e-01
8.664975301287820564e-01
9.071967595861621936e-01
9.428968616717932072e-01
9.731938833373977582e-01
9.977254405446416285e-01
1.016180690629270300e+00
1.028308846442677726e+00
1.033925446664991199e+00
1.032915827940263709e+00
1.025235576222489842e+00
1.010908118879620066e+00
9.900200176475314473e-01
9.627148674441177167e-01
9.291869026377072016e-01
8.896754033842981801e-01
8.444607724375242652e-01
7.938627541280575128e-01
7.382407885176286433e-01
6.779960452626460077e-01
6.135743274680115489e-01
5.454688140194321466e-01
4.742215604264543027e-01
4.004228209763180391e-01
3.247075520233689838e-01
2.477488259049229757e-01
1.702482592143008955e-01
9.292392218955491945e-02
1.649653440808555860e-02
-5.832500594015552903e-02
-1.308576455457458321e-01
-2.004567409532469757e-01
-2.665263566672896323e-01
-3.285267573590802126e-01
-3.859788908211522762e-01
-4.384660265358842901e-01
-4.856330357466741021e-01
-5.271840047899289949e-01
-5.628789666946808490e-01
-5.925305599223599229e-01
-6.160013670901060001e-01
-6.332024953791404176e-01
-6.440936504340719626e-01
-6.486846250063250663e-01
-6.470378307384906380e-01
-6.392712315544986090e-01
-6.255608058237391855e-01
-6.061415641686747069e-01
-5.813062684626975063e-01
-5.514013380468300030e-01
-5.168199039563846631e-01
-4.779924517531140560e-01
-4.353758711558954331e-01
-3.894419578954305683e-01
-3.406664917574794282e-01
-2.895199522372961520e-01
-2.364607167556231071e-01
-1.819312194159894147e-01
-1.263570961393263303e-01
-7.014891081658855554e-02
-1.370573034247735307e-02
4.258037890057665004e-02
9.831993506350111822e-02
1.531226731021815834e-01
2.065960428884915656e-01
2.583461106800395979e-01
3.079810180123593866e-01
3.551167545371154977e-01
3.993846819550081473e-01
4.404400317505757223e-01
4.779704778354889050e-01
5.117038669805141771e-01
5.414142937269551537e-01
5.669259205807686275e-01
5.881142386378480635e-01
6.049048033666543089e-01
6.172698249371508794e-01
6.252233045452352256e-01
6.288156350728698607e-01
6.281286523553655243e-01
6.232719891954533464e-01
6.143812743922211217e-01
6.016183136096073802e-01
5.851729808021379764e-01
5.652661977735830012e-01
5.421531113246015332e-01
5.161254340127349183e-01
4.875119564404496453e-01
4.566764797753064542e-01
4.240127966873734056e-01
3.899367943300002803e-01
3.548762092770732512e-01
3.192589464805591359e-01
2.835010878334532913e-01
2.479957409174505245e-01
2.131037475173391260e-01
1.791469985044739366e-01
1.464047078836793470e-01
1.151125560982005774e-01
8.546421697686516772e-02
5.761451879918486757e-02
3.168341332942591071e-02
7.760021717091197813e-03
-1.409380200940243098e-02
-3.384078773103334908e-02
-5.146669868215252019e-02
-6.697999207943539091e-02
-8.041254647522388943e-02
-9.182107594593745536e-02
-1.012886625201738500e-01
-1.089257274723604979e-01
-1.148697506550748898e-01
-1.192831707517835182e-01
-1.223491620776087085e-01
-1.242653232443099859e-01
-1.252356456409481622e-01
-1.254614097279831419e-01
-1.251318788686376915e-01
-1.244158030593520842e-01
-1.234547466402707849e-01
-1.223590683883036961e-01
-1.212070328188338958e-01
-1.200470835372236394e-01
-1.189028341428590568e-01
-1.177799187797616415e-01
-1.166735912397270231e-01
-1.155759273491519246e-01
-1.144816628338889697e-01
-1.133920258808619741e-01
-1.123163193618513106e-01
-1.112713967806922000e-01
-1.102794815971133852e-01
-1.093649484689446366e-01
-1.085507368403427209e-01
-1.078550568117230546e-01
-1.072889782477872977e-01
-1.068553324698935381e-01
-1.065491154069520829e-01
-1.063593369810222206e-01
-1.062720686116561397e-01
-1.062742884064344084e-01
-1.063579933639067499e-01
-1.065239644512542688e-01
-1.067845713260756058e-01
-1.071650938573253664e-01
-1.077031983850263858e-01
-1.084464351597644732e-01
-1.094479254700623377e-01
-1.107607398135689869e-01
-1.124317378870419437e-01
-1.144957729056646778e-01
-1.169711466621342760e-01
-1.198570560104640775e-01
-1.231335007417528465e-01
-1.267637396804515704e-01
-1.306989470486458194e-01
-1.348843435972311156e-01
-1.392658609368713496e-01
-1.437963675341420444e-01
-1.484405898458218687e-01
-1.531780658220161240e-01
-1.580037742486742058e-01
-1.629264648147899508e-01
-1.679650861268995876e-01
-1.731439855140363415e-01
-1.784876865719035310e-01
-1.840160339724221383e-01
-1.897403718297824837e-01
-1.956612354151524569e-01
-2.017677907747863209e-01
-2.080389717039561326e-01
-2.144459992184747366e-01
-2.209557605376998857e-01
-2.275343825949671106e-01
-2.341502951464048132e-01
-2.407761659242184660e-01
-2.473892770036568989e-01
-2.539701491229267583e-01
-2.604994736540984790e-01
-2.669536629237314052e-01
-2.732995670020175738e-01
-2.794890913548860878e-01
-2.854545325070175221e-01
-2.911054206964254765e-01
-2.963275382809465452e-01
-3.009845451602522481e-01
-3.049222714184917638e-01
-3.079753144190544578e-01
-3.099752183108958059e-01
-3.107592797142522678e-01
-3.101789489325171290e-01
-3.081069043397164364e-01
-3.044421394729575070e-01
-2.991127493725184161e-01
-2.920764665083111500e-01
-2.833193090899501776e-01
-2.728529106711572449e-01
-2.607111918314591326e-01
-2.469470345346238827e-01
-2.316295366707654679e-01
-2.148422580880561816e-01
-1.966826329153451292e-01
-1.772624521191174529e-01
-1.567090789175136778e-01
-1.351669069942157686e-01
-1.127985209441914327e-01
-8.978505619683437022e-02
-6.632536678898413862e-02
-4.263376713228592824e-02
-1.893628529459560894e-02
4.534462681812003945e-03
2.754548877992725464e-02
4.987026737508665208e-02
7.129556194891309429e-02
9.162754910933515462e-02
1.106966031717984966e-01
1.283602770266647486e-01
1.445042390406945376e-01
1.590411530533227813e-01
1.719077209606109657e-01
1.830603578394625897e-01
1.924702094897300930e-01
2.001183757073690950e-01
2.059921885207762204e-01
2.100831836460138879e-01
2.123870431024648953e-01
2.129053707030955922e-01
2.116487820285864185e-01
2.086405279830745307e-01
2.039197909245019091e-01
1.975439086525281607e-01
1.895890489787321886e-01
1.801491929906108569e-01
1.693335942668930394e-01
1.572631110559801759e-01
1.440659660478235959e-01
1.298735810307924121e-01
1.148171293085340772e-01
9.902531791340185574e-02
8.262367310780438512e-02
6.573531574721047654e-02
4.848294611367533896e-02
3.099156327236069972e-02
1.339134766847910676e-02
-4.179855048448189586e-03
-2.157491108760571999e-02
-3.863696359479192044e-02
-5.520039804151201379e-02
-7.109331977463813346e-02
-8.614153051129663785e-02
-1.001738233911942944e-01
-1.130282157604542426e-01
-1.245585423720221574e-01
-1.346407016472912221e-01
-1.431778387132739971e-01
-1.501038855526576621e-01
-1.553851382940226733e-01
-1.590198529779508763e-01
-1.610361019494779833e-01
-1.614883387446262586e-01
-1.604532761864821411e-01
-1.580257531021839468e-01
-1.543152156247681039e-01
-1.494432807539055885e-01
-1.435426020910792189e-01
-1.367569486632589648e-01
-1.292421065148644244e-01
-1.211669972079222751e-01
-1.127143251669237428e-01
-1.040801320513634748e-01
-9.547182763947655026e-02
-8.710453011647430188e-02
-7.919582685843323810e-02
-7.195930695458968573e-02
-6.559738911379400794e-02
-6.029407674268865563e-02
-5.620831069232608279e-02
-5.346852932167123207e-02
-5.216888588755667910e-02
-5.236736659192259974e-02
-5.408584919238510619e-02
-5.731196054234933418e-02
-6.200243036759572196e-02
-6.808749986486271888e-02
-7.547585725579361582e-02
-8.405956702870644170e-02
-9.371851194136457397e-02
-1.043239405343591997e-01
-1.157408195301298792e-01
-1.278288577877539633e-01
-1.404422872331016203e-01
-1.534287235837917818e-01
-1.666276539478712126e-01
-1.798692528392977774e-01
-1.929742299879896872e-01
-2.057552268373105397e-01
-2.180199480677682822e-01
-2.295758266360993227e-01
-2.402356819594743953e-01
-2.498236254261631817e-01
-2.581804116132053739e-01
-2.651675182963335042e-01
-2.706694646694693951e-01
-2.745941986745331631e-01
-2.768717000475847123e-01
-2.774511889032169609e-01
-2.762974925664558601e-01
-2.733872036834679720e-01
-2.687052559641063265e-01
-2.622424575959350634e-01
-2.539943632180303168e-01
-2.439616503574744688e-01
-2.321519254096150731e-01
-2.185826446049155269e-01
-2.032846556177383135e-01
-1.863058219421499795e-01
-1.677142666777132751e-01
-1.476008619745390604e-01
-1.260806538928132270e-01
-1.032929899561197962e-01
-7.940023522651565302e-02
-5.458512348965858380e-02
-2.904698219623969360e-02
-2.997239265929901430e-03
2.334529262688219212e-02
4.975885055677140012e-02
7.602241960143525656e-02
1.019183540040764502e-01
1.272337631478197562e-01
1.517607361209533101e-01
1.752957378255289578e-01
1.976387534507627608e-01
2.185929094641052839e-01
2.379652756602373131e-01
2.555693189386009645e-01
2.712291029902003658e-01
2.847849543118771698e-01
2.961000438757022679e-01
3.050671710618737542e-01
3.116149711401633993e-01
3.157128041028448018e-01
3.173737053796416019e-01
3.166549736785927438e-01
3.136562436073735416e-01
3.085152145408417979e-01
3.014015193919217794e-01
2.925094633203693117e-01
2.820504917873049022e-01
2.702462101751570978e-01
2.573225770071262408e-01
2.435056072232192337e-01
2.290186471797320544e-01
2.140810580407408459e-01
1.989079548271669717e-01
1.837105084507578145e-01
1.686962765101435169e-01
1.540690779760080231e-01
1.400280013532356482e-01
1.267652293094905791e-01
1.144625414888603004e-01
1.032866251851037448e-01
9.338359079575468680e-02
8.487328968720930789e-02
7.784415695939833624e-02
7.234933430404837107e-02
6.840474382839065171e-02
6.598957326731808015e-02
6.504930681944894044e-02
6.550104883985530257e-02
6.724053077899699860e-02
7.014993173520736591e-02
7.410551208828786152e-02
7.898409096496356030e-02
8.466760741926278311e-02
9.104534601483456335e-02
9.801378938321311796e-02
1.054744068942300578e-01
1.133299714096237948e-01
1.214802133175973547e-01
1.298177400470895138e-01
1.382251110610726585e-01
1.465737544736351872e-01
1.547250947266503029e-01
1.625338880841672717e-01
1.698533953920232931e-01
1.765417446699197590e-01
1.824687043969431266e-01
1.875220781566597217e-01
1.916129885610035333e-01
1.946794275911627181e-01
1.966876358840305705e-01
1.976311495816034380e-01
1.975276735679921403e-01
1.964142202193863151e-01
1.943411728220194867e-01
1.913661281365760802e-01
1.875484969518120271e-01
1.829457718318086568e-01
1.776120777160297148e-01
1.715992071323495793e-01
1.649599150323617092e-01
1.577528540776773069e-01
1.500482047825862364e-01
1.419328609514703132e-01
1.335140450094771947e-01
1.249204826318339179e-01
1.163006977476174902e-01
1.078184684647608554e-01
9.964590962749836356e-02
9.195496675393941000e-02
8.490829183784588674e-02
7.865053075069967925e-02
7.330101483583222055e-02
6.894871452727420469e-02
6.565004382004538397e-02
6.342969358400143975e-02
6.228418350419901578e-02
6.218737315053240317e-02
6.309687903000543718e-02
6.496026959601174100e-02
6.772004367052669727e-02
7.131668836318307003e-02
7.568949505179503601e-02
8.077520497605927829e-02
8.650488748327629651e-02
9.279969863781367678e-02
9.956634000958060338e-02
1.066931558792676149e-01
1.140478530977432625e-01
1.214777194461411081e-01
1.288128759755348407e-01
1.358725752540123899e-01
1.424740176557768301e-01
1.484427425567826087e-01
1.536234021684701467e-01
1.578896346252185445e-01
1.611518176478832221e-01
1.633617182203490892e-01
1.645134468487406132e-01
1.646406161710783078e-01
1.638101297576762816e-01
1.621135324802271682e-01
1.596572313054751002e-01
1.565530232521558374e-01
1.529102219716240718e-01
1.488303317694768257e-01
1.444047715510409224e-01
1.397156750193185304e-01
1.348393328279819947e-01
1.298514217138755367e-01
1.248328426379066436e-01
1.198748544886144157e-01
1.150822833217251262e-01
1.105739027866407820e-01
1.064795904155142608e-01
1.029344495224724376e-01
1.000705754489110283e-01
9.800746620225690708e-02
9.684225474321649096e-02
9.664097468385267342e-02
9.743196066374343323e-02
9.920227086899004176e-02
1.018977234641542523e-01
1.054267405600141511e-01
1.096677003225169922e-01
1.144789701311599850e-01
1.197103365644496403e-01
1.252142984326166941e-01
1.308557244838543798e-01
1.365186542703293870e-01
1.421094589668006059e-01
1.475561323095955502e-01
1.528040958976378816e-01
1.578094798879333960e-01
1.625312531041465114e-01
1.669237210217105472e-01
1.709307777938434691e-01
1.744829693714878838e-01
1.774979661953305365e-01
1.798844903357824931e-01
1.815491635544149440e-01
1.824052445042953496e-01
1.823818877760733648e-01
1.814324379551127131e-01
1.795404012624595147e-01
1.767221049998005111e-01
1.730255891005941238e-01
1.685258572398652122e-01
1.633171371149210738e-01
1.575032111400634371e-01
1.511871559343537508e-01
1.444619091580700565e-01
1.374029251003336394e-01
1.300638499007860382e-01
1.224757364116426800e-01
1.146498560079525081e-01
1.065836633633573949e-01
9.826899025171260960e-02
8.970117125221041543e-02
8.088762626270919187e-02
7.185450748781296859e-02
6.265034202202696134e-02
5.334606342155801678e-02
4.403133977876576982e-02
3.480763717113472683e-02
2.577895770853539867e-02
1.704157126596142838e-02
8.674248468027856776e-03
7.304822900651742083e-04
-6.766040870642883384e-03
-1.382189467804642233e-02
-2.047008341889604982e-02
-2.676242722823457543e-02
-3.275929252114630208e-02
-3.851822189154885390e-02
-4.408318137101556455e-02
-4.947605205330422862e-02
-5.469165852490768392e-02
-5.969708264821024790e-02
-6.443534740130635319e-02
-6.883288579067610435e-02
-7.280963628679751332e-02
-7.629022093893413070e-02
-7.921452774299692079e-02
-8.154613418686849913e-02
-8.327733824494096271e-02
-8.443006806726185975e-02
-8.505255721752844056e-02
-8.521230006692333270e-02
-8.498634570944627042e-02
-8.445038020893735897e-02
-8.366824528961762375e-02
-8.268351880182185643e-02
-8.151452479685260266e-02
-8.015366662193429415e-02
-7.857133137870163375e-02
-7.672387364238895946e-02
-7.456447797275242428e-02
-7.205519217999586945e-02
-6.917824441182149342e-02
-6.594490757162992101e-02
-6.240055360220156389e-02
-5.862506384920403157e-02
-5.472840362419186672e-02
-5.084187878647165176e-02
-4.710625089423636086e-02
-4.365837685078548247e-02
-4.061829145737545083e-02
-3.807861646463375771e-02
-3.609782380967022086e-02
-3.469824950313189077e-02
-3.386898447116105937e-02
-3.357301836667991868e-02
-3.375739498172501685e-02
-3.436471464026855105e-02
-3.534413820019354641e-02
-3.666014811513718802e-02
-3.829769665722512068e-02
-4.026295837714342213e-02
-4.257960924199187536e-02
-4.528126232683610253e-02
-4.840127543553855716e-02
-5.196151656947180231e-02
-5.596179952046142353e-02
-6.037160290503640336e-02
-6.512538861142787294e-02
-7.012236880983425957e-02
-7.523098189146612547e-02
-8.029769576917319962e-02
-8.515914180938437272e-02
-8.965606985569277154e-02
-9.364727248924165082e-02
-9.702153295868967686e-02
-9.970588142381867081e-02
-1.016689972889238402e-01
-1.029193521187645038e-01
-1.034984842373045943e-01
-1.034705173359406760e-01
-1.029096068827047711e-01
-1.018873348697655890e-01
-1.004620839948794087e-01
-9.867206904853770277e-02
-9.653305453814849113e-02
-9.404099297255258394e-02
-9.117902223779487947e-02
-8.792756384631818245e-02
-8.427576381886897616e-02
-8.023232064852781065e-02
-7.583388855519640481e-02
-7.114965375104435885e-02
-6.628125076852341147e-02
-6.135785753015959854e-02
-5.652702801131907762e-02
-5.194248285162152146e-02
-4.775054956256875871e-02
-4.407713573060875745e-02
-4.101702151002411395e-02
-3.862692332549242519e-02
-3.692327113455234899e-02
-3.588500721454685599e-02
-3.546101890884732072e-02
-3.558115909737782218e-02
-3.616928465014968702e-02
-3.715641762307496376e-02
-3.849205480859786699e-02
-4.015186536071568835e-02
-4.214053049671986906e-02
-4.448922815771868405e-02
-4.724812055980137648e-02
-5.047500681908850123e-02
-5.422191133365031335e-02
-5.852169736561993463e-02
-6.337679742243713943e-02
-6.875185802516869948e-02
-7.457155056762464207e-02
-8.072405885467122399e-02
-8.706988608702190269e-02
-9.345474796354200087e-02
-9.972462158589653902e-02
-1.057406724591015840e-01
-1.113918392968479415e-01
-1.166032684722107665e-01
-1.213394646303564417e-01
-1.256018506479569530e-01
-1.294212757566861882e-01
-1.328467410094195389e-01
-1.359321321383128722e-01
-1.387230158900021604e-01
-1.412455410058280625e-01
-1.434991696662024085e-01
-1.454543699305833604e-01
-1.470556174007896233e-01
-1.482292332777913058e-01
-1.488948788831726822e-01
-1.489790379245371221e-01
-1.484285760526027897e-01
-1.472224539789881714e-01
-1.453798668729668342e-01
-1.429634833863933918e-01
-1.400770663627307344e-01
-1.368575517920032902e-01
-1.334625271380567579e-01
-1.300547976451894017e-01
-1.267862116229409586e-01
-1.237830595123291105e-01
-1.211351334608741920e-01
-1.188899555368444910e-01
-1.170528553804314059e-01
-1.155926521842751270e-01
-1.144518258463786964e-01
-1.135593842512270385e-01
-1.128442509930779880e-01
-1.122469715209070129e-01
-1.117278620220012730e-01
-1.112703210585408026e-01
-1.108787848609482790e-01
-1.105716567013537849e-01
-1.103703725312431411e-01
-1.102864207055361534e-01
-1.103084948803718102e-01
-1.103919900599332066e-01
-1.104527510474653945e-01
-1.103663788321699313e-01
-1.099735787050672986e-01
-1.090911215242908877e-01
-1.075271385146447795e-01
-1.050988302396855117e-01
-1.016503321230168982e-01
-9.706846142670939870e-02
-9.129435409145728042e-02
-8.432952367023691109e-02
-7.623555665400005843e-02
-6.712744971665381144e-02
-5.716145093920381448e-02
-4.651907632845778129e-02
-3.538957269083769369e-02
-2.395335057933617798e-02
-1.236874383716811063e-02
-7.638843179472089729e-04
1.076536861569663342e-02
2.215147036943118306e-02
3.334617076877115921e-02
4.430818244657495214e-02
5.498980472469913033e-02
