2.500000000000000000e-01
2.500610351562500000e-01
2.501220703125000000e-01
2.501831054687500000e-01
2.502441406250000000e-01
2.503051757812500000e-01
2.503662109375000000e-01
2.504272460937500000e-01
2.504882812500000000e-01
2.505493164062500000e-01
2.506103515625000000e-01
2.506713867187500000e-01
2.507324218750000000e-01
2.507934570312500000e-01
2.508544921875000000e-01
2.509155273437500000e-01
2.509765625000000000e-01
2.510375976562500000e-01
2.510986328125000000e-01
2.511596679687500000e-01
2.512207031250000000e-01
2.512817382812500000e-01
2.513427734375000000e-01
2.514038085937500000e-01
2.514648437500000000e-01
2.515258789062500000e-01
2.515869140625000000e-01
2.516479492187500000e-01
2.517089843750000000e-01
2.517700195312500000e-01
2.518310546875000000e-01
2.518920898437500000e-01
2.519531250000000000e-01
2.520141601562500000e-01
2.520751953125000000e-01
2.521362304687500000e-01
2.521972656250000000e-01
2.522583007812500000e-01
2.523193359375000000e-01
2.523803710937500000e-01
2.524414062500000000e-01
2.525024414062500000e-01
2.525634765625000000e-01
2.526245117187500000e-01
2.526855468750000000e-01
2.527465820312500000e-01
2.528076171875000000e-01
2.528686523437500000e-01
2.529296875000000000e-01
2.529907226562500000e-01
2.530517578125000000e-01
2.531127929687500000e-01
2.531738281250000000e-01
2.532348632812500000e-01
2.532958984375000000e-01
2.533569335937500000e-01
2.534179687500000000e-01
2.534790039062500000e-01
2.535400390625000000e-01
2.536010742187500000e-01
2.536621093750000000e-01
2.537231445312500000e-01
2.537841796875000000e-01
2.538452148437500000e-01
2.539062500000000000e-01
2.539672851562500000e-01
2.540283203125000000e-01
2.540893554687500000e-01
2.541503906250000000e-01
2.542114257812500000e-01
2.542724609375000000e-01
2.543334960937500000e-01
2.543945312500000000e-01
2.544555664062500000e-01
2.545166015625000000e-01
2.545776367187500000e-01
2.546386718750000000e-01
2.546997070312500000e-01
2.547607421875000000e-01
2.548217773437500000e-01
2.548828125000000000e-01
2.549438476562500000e-01
2.550048828125000000e-01
2.550659179687500000e-01
2.551269531250000000e-01
2.551879882812500000e-01
2.552490234375000000e-01
2.553100585937500000e-01
2.553710937500000000e-01
2.554321289062500000e-01
2.554931640625000000e-01
2.555541992187500000e-01
2.556152343750000000e-01
2.556762695312500000e-01
2.557373046875000000e-01
2.557983398437500000e-01
2.558593750000000000e-01
2.559204101562500000e-01
2.559814453125000000e-01
2.560424804687500000e-01
2.561035156250000000e-01
2.561645507812500000e-01
2.562255859375000000e-01
2.562866210937500000e-01
2.563476562500000000e-01
2.564086914062500000e-01
2.564697265625000000e-01
2.565307617187500000e-01
2.565917968750000000e-01
2.566528320312500000e-01
2.567138671875000000e-01
2.567749023437500000e-01
2.568359375000000000e-01
2.568969726562500000e-01
2.569580078125000000e-01
2.570190429687500000e-01
2.570800781250000000e-01
2.571411132812500000e-01
2.572021484375000000e-01
2.572631835937500000e-01
2.573242187500000000e-01
2.573852539062500000e-01
2.574462890625000000e-01
2.575073242187500000e-01
2.575683593750000000e-01
2.576293945312500000e-01
2.576904296875000000e-01
2.577514648437500000e-01
2.578125000000000000e-01
2.578735351562500000e-01
2.579345703125000000e-01
2.579956054687500000e-01
2.580566406250000000e-01
2.581176757812500000e-01
2.581787109375000000e-01
2.582397460937500000e-01
2.583007812500000000e-01
2.583618164062500000e-01
2.584228515625000000e-01
2.584838867187500000e-01
2.585449218750000000e-01
2.586059570312500000e-01
2.586669921875000000e-01
2.587280273437500000e-01
2.587890625000000000e-01
2.588500976562500000e-01
2.589111328125000000e-01
2.589721679687500000e-01
2.590332031250000000e-01
2.590942382812500000e-01
2.591552734375000000e-01
2.592163085937500000e-01
2.592773437500000000e-01
2.593383789062500000e-01
2.593994140625000000e-01
2.594604492187500000e-01
2.595214843750000000e-01
2.595825195312500000e-01
2.596435546875000000e-01
2.597045898437500000e-01
2.597656250000000000e-01
2.598266601562500000e-01
2.598876953125000000e-01
2.599487304687500000e-01
2.600097656250000000e-01
2.600708007812500000e-01
2.601318359375000000e-01
2.601928710937500000e-01
2.602539062500000000e-01
2.603149414062500000e-01
2.603759765625000000e-01
2.604370117187500000e-01
2.604980468750000000e-01
2.605590820312500000e-01
2.606201171875000000e-01
2.606811523437500000e-01
2.607421875000000000e-01
2.608032226562500000e-01
2.608642578125000000e-01
2.609252929687500000e-01
2.609863281250000000e-01
2.610473632812500000e-01
2.611083984375000000e-01
2.611694335937500000e-01
2.612304687500000000e-01
2.612915039062500000e-01
2.613525390625000000e-01
2.614135742187500000e-01
2.614746093750000000e-01
2.615356445312500000e-01
2.615966796875000000e-01
2.616577148437500000e-01
2.617187500000000000e-01
2.617797851562500000e-01
2.618408203125000000e-01
2.619018554687500000e-01
2.619628906250000000e-01
2.620239257812500000e-01
2.620849609375000000e-01
2.621459960937500000e-01
2.622070312500000000e-01
2.622680664062500000e-01
2.623291015625000000e-01
2.623901367187500000e-01
2.624511718750000000e-01
2.625122070312500000e-01
2.625732421875000000e-01
2.626342773437500000e-01
2.626953125000000000e-01
2.627563476562500000e-01
2.628173828125000000e-01
2.628784179687500000e-01
2.629394531250000000e-01
2.630004882812500000e-01
2.630615234375000000e-01
2.631225585937500000e-01
2.631835937500000000e-01
2.632446289062500000e-01
2.633056640625000000e-01
2.633666992187500000e-01
2.634277343750000000e-01
2.634887695312500000e-01
2.635498046875000000e-01
2.636108398437500000e-01
2.636718750000000000e-01
2.637329101562500000e-01
2.637939453125000000e-01
2.638549804687500000e-01
2.639160156250000000e-01
2.639770507812500000e-01
2.640380859375000000e-01
2.640991210937500000e-01
2.641601562500000000e-01
2.642211914062500000e-01
2.642822265625000000e-01
2.643432617187500000e-01
2.644042968750000000e-01
2.644653320312500000e-01
2.645263671875000000e-01
2.645874023437500000e-01
2.646484375000000000e-01
2.647094726562500000e-01
2.647705078125000000e-01
2.648315429687500000e-01
2.648925781250000000e-01
2.649536132812500000e-01
2.650146484375000000e-01
2.650756835937500000e-01
2.651367187500000000e-01
2.651977539062500000e-01
2.652587890625000000e-01
2.653198242187500000e-01
2.653808593750000000e-01
2.654418945312500000e-01
2.655029296875000000e-01
2.655639648437500000e-01
2.656250000000000000e-01
2.656860351562500000e-01
2.657470703125000000e-01
2.658081054687500000e-01
2.658691406250000000e-01
2.659301757812500000e-01
2.659912109375000000e-01
2.660522460937500000e-01
2.661132812500000000e-01
2.661743164062500000e-01
2.662353515625000000e-01
2.662963867187500000e-01
2.663574218750000000e-01
2.664184570312500000e-01
2.664794921875000000e-01
2.665405273437500000e-01
2.666015625000000000e-01
2.666625976562500000e-01
2.667236328125000000e-01
2.667846679687500000e-01
2.668457031250000000e-01
2.669067382812500000e-01
2.669677734375000000e-01
2.670288085937500000e-01
2.670898437500000000e-01
2.671508789062500000e-01
2.672119140625000000e-01
2.672729492187500000e-01
2.673339843750000000e-01
2.673950195312500000e-01
2.674560546875000000e-01
2.675170898437500000e-01
2.675781250000000000e-01
2.676391601562500000e-01
2.677001953125000000e-01
2.677612304687500000e-01
2.678222656250000000e-01
2.678833007812500000e-01
2.679443359375000000e-01
2.680053710937500000e-01
2.680664062500000000e-01
2.681274414062500000e-01
2.681884765625000000e-01
2.682495117187500000e-01
2.683105468750000000e-01
2.683715820312500000e-01
2.684326171875000000e-01
2.684936523437500000e-01
2.685546875000000000e-01
2.686157226562500000e-01
2.686767578125000000e-01
2.687377929687500000e-01
2.687988281250000000e-01
2.688598632812500000e-01
2.689208984375000000e-01
2.689819335937500000e-01
2.690429687500000000e-01
2.691040039062500000e-01
2.691650390625000000e-01
2.692260742187500000e-01
2.692871093750000000e-01
2.693481445312500000e-01
2.694091796875000000e-01
2.694702148437500000e-01
2.695312500000000000e-01
2.695922851562500000e-01
2.696533203125000000e-01
2.697143554687500000e-01
2.697753906250000000e-01
2.698364257812500000e-01
2.698974609375000000e-01
2.699584960937500000e-01
2.700195312500000000e-01
2.700805664062500000e-01
2.701416015625000000e-01
2.702026367187500000e-01
2.702636718750000000e-01
2.703247070312500000e-01
2.703857421875000000e-01
2.704467773437500000e-01
2.705078125000000000e-01
2.705688476562500000e-01
2.706298828125000000e-01
2.706909179687500000e-01
2.707519531250000000e-01
2.708129882812500000e-01
2.708740234375000000e-01
2.709350585937500000e-01
2.709960937500000000e-01
2.710571289062500000e-01
2.711181640625000000e-01
2.711791992187500000e-01
2.712402343750000000e-01
2.713012695312500000e-01
2.713623046875000000e-01
2.714233398437500000e-01
2.714843750000000000e-01
2.715454101562500000e-01
2.716064453125000000e-01
2.716674804687500000e-01
2.717285156250000000e-01
2.717895507812500000e-01
2.718505859375000000e-01
2.719116210937500000e-01
2.719726562500000000e-01
2.720336914062500000e-01
2.720947265625000000e-01
2.721557617187500000e-01
2.722167968750000000e-01
2.722778320312500000e-01
2.723388671875000000e-01
2.723999023437500000e-01
2.724609375000000000e-01
2.725219726562500000e-01
2.725830078125000000e-01
2.726440429687500000e-01
2.727050781250000000e-01
2.727661132812500000e-01
2.728271484375000000e-01
2.728881835937500000e-01
2.729492187500000000e-01
2.730102539062500000e-01
2.730712890625000000e-01
2.731323242187500000e-01
2.731933593750000000e-01
2.732543945312500000e-01
2.733154296875000000e-01
2.733764648437500000e-01
2.734375000000000000e-01
2.734985351562500000e-01
2.735595703125000000e-01
2.736206054687500000e-01
2.736816406250000000e-01
2.737426757812500000e-01
2.738037109375000000e-01
2.738647460937500000e-01
2.739257812500000000e-01
2.739868164062500000e-01
2.740478515625000000e-01
2.741088867187500000e-01
2.741699218750000000e-01
2.742309570312500000e-01
2.742919921875000000e-01
2.743530273437500000e-01
2.744140625000000000e-01
2.744750976562500000e-01
2.745361328125000000e-01
2.745971679687500000e-01
2.746582031250000000e-01
2.747192382812500000e-01
2.747802734375000000e-01
2.748413085937500000e-01
2.749023437500000000e-01
2.749633789062500000e-01
2.750244140625000000e-01
2.750854492187500000e-01
2.751464843750000000e-01
2.752075195312500000e-01
2.752685546875000000e-01
2.753295898437500000e-01
2.753906250000000000e-01
2.754516601562500000e-01
2.755126953125000000e-01
2.755737304687500000e-01
2.756347656250000000e-01
2.756958007812500000e-01
2.757568359375000000e-01
2.758178710937500000e-01
2.758789062500000000e-01
2.759399414062500000e-01
2.760009765625000000e-01
2.760620117187500000e-01
2.761230468750000000e-01
2.761840820312500000e-01
2.762451171875000000e-01
2.763061523437500000e-01
2.763671875000000000e-01
2.764282226562500000e-01
2.764892578125000000e-01
2.765502929687500000e-01
2.766113281250000000e-01
2.766723632812500000e-01
2.767333984375000000e-01
2.767944335937500000e-01
2.768554687500000000e-01
2.769165039062500000e-01
2.769775390625000000e-01
2.770385742187500000e-01
2.770996093750000000e-01
2.771606445312500000e-01
2.772216796875000000e-01
2.772827148437500000e-01
2.773437500000000000e-01
2.774047851562500000e-01
2.774658203125000000e-01
2.775268554687500000e-01
2.775878906250000000e-01
2.776489257812500000e-01
2.777099609375000000e-01
2.777709960937500000e-01
2.778320312500000000e-01
2.778930664062500000e-01
2.779541015625000000e-01
2.780151367187500000e-01
2.780761718750000000e-01
2.781372070312500000e-01
2.781982421875000000e-01
2.782592773437500000e-01
2.783203125000000000e-01
2.783813476562500000e-01
2.784423828125000000e-01
2.785034179687500000e-01
2.785644531250000000e-01
2.786254882812500000e-01
2.786865234375000000e-01
2.787475585937500000e-01
2.788085937500000000e-01
2.788696289062500000e-01
2.789306640625000000e-01
2.789916992187500000e-01
2.790527343750000000e-01
2.791137695312500000e-01
2.791748046875000000e-01
2.792358398437500000e-01
2.792968750000000000e-01
2.793579101562500000e-01
2.794189453125000000e-01
2.794799804687500000e-01
2.795410156250000000e-01
2.796020507812500000e-01
2.796630859375000000e-01
2.797241210937500000e-01
2.797851562500000000e-01
2.798461914062500000e-01
2.799072265625000000e-01
2.799682617187500000e-01
2.800292968750000000e-01
2.800903320312500000e-01
2.801513671875000000e-01
2.802124023437500000e-01
2.802734375000000000e-01
2.803344726562500000e-01
2.803955078125000000e-01
2.804565429687500000e-01
2.805175781250000000e-01
2.805786132812500000e-01
2.806396484375000000e-01
2.807006835937500000e-01
2.807617187500000000e-01
2.808227539062500000e-01
2.808837890625000000e-01
2.809448242187500000e-01
2.810058593750000000e-01
2.810668945312500000e-01
2.811279296875000000e-01
2.811889648437500000e-01
2.812500000000000000e-01
2.813110351562500000e-01
2.813720703125000000e-01
2.814331054687500000e-01
2.814941406250000000e-01
2.815551757812500000e-01
2.816162109375000000e-01
2.816772460937500000e-01
2.817382812500000000e-01
2.817993164062500000e-01
2.818603515625000000e-01
2.819213867187500000e-01
2.819824218750000000e-01
2.820434570312500000e-01
2.821044921875000000e-01
2.821655273437500000e-01
2.822265625000000000e-01
2.822875976562500000e-01
2.823486328125000000e-01
2.824096679687500000e-01
2.824707031250000000e-01
2.825317382812500000e-01
2.825927734375000000e-01
2.826538085937500000e-01
2.827148437500000000e-01
2.827758789062500000e-01
2.828369140625000000e-01
2.828979492187500000e-01
2.829589843750000000e-01
2.830200195312500000e-01
2.830810546875000000e-01
2.831420898437500000e-01
2.832031250000000000e-01
2.832641601562500000e-01
2.833251953125000000e-01
2.833862304687500000e-01
2.834472656250000000e-01
2.835083007812500000e-01
2.835693359375000000e-01
2.836303710937500000e-01
2.836914062500000000e-01
2.837524414062500000e-01
2.838134765625000000e-01
2.838745117187500000e-01
2.839355468750000000e-01
2.839965820312500000e-01
2.840576171875000000e-01
2.841186523437500000e-01
2.841796875000000000e-01
2.842407226562500000e-01
2.843017578125000000e-01
2.843627929687500000e-01
2.844238281250000000e-01
2.844848632812500000e-01
2.845458984375000000e-01
2.846069335937500000e-01
2.846679687500000000e-01
2.847290039062500000e-01
2.847900390625000000e-01
2.848510742187500000e-01
2.849121093750000000e-01
2.849731445312500000e-01
2.850341796875000000e-01
2.850952148437500000e-01
2.851562500000000000e-01
2.852172851562500000e-01
2.852783203125000000e-01
2.853393554687500000e-01
2.854003906250000000e-01
2.854614257812500000e-01
2.855224609375000000e-01
2.855834960937500000e-01
2.856445312500000000e-01
2.857055664062500000e-01
2.857666015625000000e-01
2.858276367187500000e-01
2.858886718750000000e-01
2.859497070312500000e-01
2.860107421875000000e-01
2.860717773437500000e-01
2.861328125000000000e-01
2.861938476562500000e-01
2.862548828125000000e-01
2.863159179687500000e-01
2.863769531250000000e-01
2.864379882812500000e-01
2.864990234375000000e-01
2.865600585937500000e-01
2.866210937500000000e-01
2.866821289062500000e-01
2.867431640625000000e-01
2.868041992187500000e-01
2.868652343750000000e-01
2.869262695312500000e-01
2.869873046875000000e-01
2.870483398437500000e-01
2.871093750000000000e-01
2.871704101562500000e-01
2.872314453125000000e-01
2.872924804687500000e-01
2.873535156250000000e-01
2.874145507812500000e-01
2.874755859375000000e-01
2.875366210937500000e-01
2.875976562500000000e-01
2.876586914062500000e-01
2.877197265625000000e-01
2.877807617187500000e-01
2.878417968750000000e-01
2.879028320312500000e-01
2.879638671875000000e-01
2.880249023437500000e-01
2.880859375000000000e-01
2.881469726562500000e-01
2.882080078125000000e-01
2.882690429687500000e-01
2.883300781250000000e-01
2.883911132812500000e-01
2.884521484375000000e-01
2.885131835937500000e-01
2.885742187500000000e-01
2.886352539062500000e-01
2.886962890625000000e-01
2.887573242187500000e-01
2.888183593750000000e-01
2.888793945312500000e-01
2.889404296875000000e-01
2.890014648437500000e-01
2.890625000000000000e-01
2.891235351562500000e-01
2.891845703125000000e-01
2.892456054687500000e-01
2.893066406250000000e-01
2.893676757812500000e-01
2.894287109375000000e-01
2.894897460937500000e-01
2.895507812500000000e-01
2.896118164062500000e-01
2.896728515625000000e-01
2.897338867187500000e-01
2.897949218750000000e-01
2.898559570312500000e-01
2.899169921875000000e-01
2.899780273437500000e-01
2.900390625000000000e-01
2.901000976562500000e-01
2.901611328125000000e-01
2.902221679687500000e-01
2.902832031250000000e-01
2.903442382812500000e-01
2.904052734375000000e-01
2.904663085937500000e-01
2.905273437500000000e-01
2.905883789062500000e-01
2.906494140625000000e-01
2.907104492187500000e-01
2.907714843750000000e-01
2.908325195312500000e-01
2.908935546875000000e-01
2.909545898437500000e-01
2.910156250000000000e-01
2.910766601562500000e-01
2.911376953125000000e-01
2.911987304687500000e-01
2.912597656250000000e-01
2.913208007812500000e-01
2.913818359375000000e-01
2.914428710937500000e-01
2.915039062500000000e-01
2.915649414062500000e-01
2.916259765625000000e-01
2.916870117187500000e-01
2.917480468750000000e-01
2.918090820312500000e-01
2.918701171875000000e-01
2.919311523437500000e-01
2.919921875000000000e-01
2.920532226562500000e-01
2.921142578125000000e-01
2.921752929687500000e-01
2.922363281250000000e-01
2.922973632812500000e-01
2.923583984375000000e-01
2.924194335937500000e-01
2.924804687500000000e-01
2.925415039062500000e-01
2.926025390625000000e-01
2.926635742187500000e-01
2.927246093750000000e-01
2.927856445312500000e-01
2.928466796875000000e-01
2.929077148437500000e-01
2.929687500000000000e-01
2.930297851562500000e-01
2.930908203125000000e-01
2.931518554687500000e-01
2.932128906250000000e-01
2.932739257812500000e-01
2.933349609375000000e-01
2.933959960937500000e-01
2.934570312500000000e-01
2.935180664062500000e-01
2.935791015625000000e-01
2.936401367187500000e-01
2.937011718750000000e-01
2.937622070312500000e-01
2.938232421875000000e-01
2.938842773437500000e-01
2.939453125000000000e-01
2.940063476562500000e-01
2.940673828125000000e-01
2.941284179687500000e-01
2.941894531250000000e-01
2.942504882812500000e-01
2.943115234375000000e-01
2.943725585937500000e-01
2.944335937500000000e-01
2.944946289062500000e-01
2.945556640625000000e-01
2.946166992187500000e-01
2.946777343750000000e-01
2.947387695312500000e-01
2.947998046875000000e-01
2.948608398437500000e-01
2.949218750000000000e-01
2.949829101562500000e-01
2.950439453125000000e-01
2.951049804687500000e-01
2.951660156250000000e-01
2.952270507812500000e-01
2.952880859375000000e-01
2.953491210937500000e-01
2.954101562500000000e-01
2.954711914062500000e-01
2.955322265625000000e-01
2.955932617187500000e-01
2.956542968750000000e-01
2.957153320312500000e-01
2.957763671875000000e-01
2.958374023437500000e-01
2.958984375000000000e-01
2.959594726562500000e-01
2.960205078125000000e-01
2.960815429687500000e-01
2.961425781250000000e-01
2.962036132812500000e-01
2.962646484375000000e-01
2.963256835937500000e-01
2.963867187500000000e-01
2.964477539062500000e-01
2.965087890625000000e-01
2.965698242187500000e-01
2.966308593750000000e-01
2.966918945312500000e-01
2.967529296875000000e-01
2.968139648437500000e-01
2.968750000000000000e-01
2.969360351562500000e-01
2.969970703125000000e-01
2.970581054687500000e-01
2.971191406250000000e-01
2.971801757812500000e-01
2.972412109375000000e-01
2.973022460937500000e-01
2.973632812500000000e-01
2.974243164062500000e-01
2.974853515625000000e-01
2.975463867187500000e-01
2.976074218750000000e-01
2.976684570312500000e-01
2.977294921875000000e-01
2.977905273437500000e-01
2.978515625000000000e-01
2.979125976562500000e-01
2.979736328125000000e-01
2.980346679687500000e-01
2.980957031250000000e-01
2.981567382812500000e-01
2.982177734375000000e-01
2.982788085937500000e-01
2.983398437500000000e-01
2.984008789062500000e-01
2.984619140625000000e-01
2.985229492187500000e-01
2.985839843750000000e-01
2.986450195312500000e-01
2.987060546875000000e-01
2.987670898437500000e-01
2.988281250000000000e-01
2.988891601562500000e-01
2.989501953125000000e-01
2.990112304687500000e-01
2.990722656250000000e-01
2.991333007812500000e-01
2.991943359375000000e-01
2.992553710937500000e-01
2.993164062500000000e-01
2.993774414062500000e-01
2.994384765625000000e-01
2.994995117187500000e-01
2.995605468750000000e-01
2.996215820312500000e-01
2.996826171875000000e-01
2.997436523437500000e-01
2.998046875000000000e-01
2.998657226562500000e-01
2.999267578125000000e-01
2.999877929687500000e-01
3.000488281250000000e-01
3.001098632812500000e-01
3.001708984375000000e-01
3.002319335937500000e-01
3.002929687500000000e-01
3.003540039062500000e-01
3.004150390625000000e-01
3.004760742187500000e-01
3.005371093750000000e-01
3.005981445312500000e-01
3.006591796875000000e-01
3.007202148437500000e-01
3.007812500000000000e-01
3.008422851562500000e-01
3.009033203125000000e-01
3.009643554687500000e-01
3.010253906250000000e-01
3.010864257812500000e-01
3.011474609375000000e-01
3.012084960937500000e-01
3.012695312500000000e-01
3.013305664062500000e-01
3.013916015625000000e-01
3.014526367187500000e-01
3.015136718750000000e-01
3.015747070312500000e-01
3.016357421875000000e-01
3.016967773437500000e-01
3.017578125000000000e-01
3.018188476562500000e-01
3.018798828125000000e-01
3.019409179687500000e-01
3.020019531250000000e-01
3.020629882812500000e-01
3.021240234375000000e-01
3.021850585937500000e-01
3.022460937500000000e-01
3.023071289062500000e-01
3.023681640625000000e-01
3.024291992187500000e-01
3.024902343750000000e-01
3.025512695312500000e-01
3.026123046875000000e-01
3.026733398437500000e-01
3.027343750000000000e-01
3.027954101562500000e-01
3.028564453125000000e-01
3.029174804687500000e-01
3.029785156250000000e-01
3.030395507812500000e-01
3.031005859375000000e-01
3.031616210937500000e-01
3.032226562500000000e-01
3.032836914062500000e-01
3.033447265625000000e-01
3.034057617187500000e-01
3.034667968750000000e-01
3.035278320312500000e-01
3.035888671875000000e-01
3.036499023437500000e-01
3.037109375000000000e-01
3.037719726562500000e-01
3.038330078125000000e-01
3.038940429687500000e-01
3.039550781250000000e-01
3.040161132812500000e-01
3.040771484375000000e-01
3.041381835937500000e-01
3.041992187500000000e-01
3.042602539062500000e-01
3.043212890625000000e-01
3.043823242187500000e-01
3.044433593750000000e-01
3.045043945312500000e-01
3.045654296875000000e-01
3.046264648437500000e-01
3.046875000000000000e-01
3.047485351562500000e-01
3.048095703125000000e-01
3.048706054687500000e-01
3.049316406250000000e-01
3.049926757812500000e-01
3.050537109375000000e-01
3.051147460937500000e-01
3.051757812500000000e-01
3.052368164062500000e-01
3.052978515625000000e-01
3.053588867187500000e-01
3.054199218750000000e-01
3.054809570312500000e-01
3.055419921875000000e-01
3.056030273437500000e-01
3.056640625000000000e-01
3.057250976562500000e-01
3.057861328125000000e-01
3.058471679687500000e-01
3.059082031250000000e-01
3.059692382812500000e-01
3.060302734375000000e-01
3.060913085937500000e-01
3.061523437500000000e-01
3.062133789062500000e-01
3.062744140625000000e-01
3.063354492187500000e-01
3.063964843750000000e-01
3.064575195312500000e-01
3.065185546875000000e-01
3.065795898437500000e-01
3.066406250000000000e-01
3.067016601562500000e-01
3.067626953125000000e-01
3.068237304687500000e-01
3.068847656250000000e-01
3.069458007812500000e-01
3.070068359375000000e-01
3.070678710937500000e-01
3.071289062500000000e-01
3.071899414062500000e-01
3.072509765625000000e-01
3.073120117187500000e-01
3.073730468750000000e-01
3.074340820312500000e-01
3.074951171875000000e-01
3.075561523437500000e-01
3.076171875000000000e-01
3.076782226562500000e-01
3.077392578125000000e-01
3.078002929687500000e-01
3.078613281250000000e-01
3.079223632812500000e-01
3.079833984375000000e-01
3.080444335937500000e-01
3.081054687500000000e-01
3.081665039062500000e-01
3.082275390625000000e-01
3.082885742187500000e-01
3.083496093750000000e-01
3.084106445312500000e-01
3.084716796875000000e-01
3.085327148437500000e-01
3.085937500000000000e-01
3.086547851562500000e-01
3.087158203125000000e-01
3.087768554687500000e-01
3.088378906250000000e-01
3.088989257812500000e-01
3.089599609375000000e-01
3.090209960937500000e-01
3.090820312500000000e-01
3.091430664062500000e-01
3.092041015625000000e-01
3.092651367187500000e-01
3.093261718750000000e-01
3.093872070312500000e-01
3.094482421875000000e-01
3.095092773437500000e-01
3.095703125000000000e-01
3.096313476562500000e-01
3.096923828125000000e-01
3.097534179687500000e-01
3.098144531250000000e-01
3.098754882812500000e-01
3.099365234375000000e-01
3.099975585937500000e-01
3.100585937500000000e-01
3.101196289062500000e-01
3.101806640625000000e-01
3.102416992187500000e-01
3.103027343750000000e-01
3.103637695312500000e-01
3.104248046875000000e-01
3.104858398437500000e-01
3.105468750000000000e-01
3.106079101562500000e-01
3.106689453125000000e-01
3.107299804687500000e-01
3.107910156250000000e-01
3.108520507812500000e-01
3.109130859375000000e-01
3.109741210937500000e-01
3.110351562500000000e-01
3.110961914062500000e-01
3.111572265625000000e-01
3.112182617187500000e-01
3.112792968750000000e-01
3.113403320312500000e-01
3.114013671875000000e-01
3.114624023437500000e-01
3.115234375000000000e-01
3.115844726562500000e-01
3.116455078125000000e-01
3.117065429687500000e-01
3.117675781250000000e-01
3.118286132812500000e-01
3.118896484375000000e-01
3.119506835937500000e-01
3.120117187500000000e-01
3.120727539062500000e-01
3.121337890625000000e-01
3.121948242187500000e-01
3.122558593750000000e-01
3.123168945312500000e-01
3.123779296875000000e-01
3.124389648437500000e-01
3.125000000000000000e-01
3.125610351562500000e-01
3.126220703125000000e-01
3.126831054687500000e-01
3.127441406250000000e-01
3.128051757812500000e-01
3.128662109375000000e-01
3.129272460937500000e-01
3.129882812500000000e-01
3.130493164062500000e-01
3.131103515625000000e-01
3.131713867187500000e-01
3.132324218750000000e-01
3.132934570312500000e-01
3.133544921875000000e-01
3.134155273437500000e-01
3.134765625000000000e-01
3.135375976562500000e-01
3.135986328125000000e-01
3.136596679687500000e-01
3.137207031250000000e-01
3.137817382812500000e-01
3.138427734375000000e-01
3.139038085937500000e-01
3.139648437500000000e-01
3.140258789062500000e-01
3.140869140625000000e-01
3.141479492187500000e-01
3.142089843750000000e-01
3.142700195312500000e-01
3.143310546875000000e-01
3.143920898437500000e-01
3.144531250000000000e-01
3.145141601562500000e-01
3.145751953125000000e-01
3.146362304687500000e-01
3.146972656250000000e-01
3.147583007812500000e-01
3.148193359375000000e-01
3.148803710937500000e-01
3.149414062500000000e-01
3.150024414062500000e-01
3.150634765625000000e-01
3.151245117187500000e-01
3.151855468750000000e-01
3.152465820312500000e-01
3.153076171875000000e-01
3.153686523437500000e-01
3.154296875000000000e-01
3.154907226562500000e-01
3.155517578125000000e-01
3.156127929687500000e-01
3.156738281250000000e-01
3.157348632812500000e-01
3.157958984375000000e-01
3.158569335937500000e-01
3.159179687500000000e-01
3.159790039062500000e-01
3.160400390625000000e-01
3.161010742187500000e-01
3.161621093750000000e-01
3.162231445312500000e-01
3.162841796875000000e-01
3.163452148437500000e-01
3.164062500000000000e-01
3.164672851562500000e-01
3.165283203125000000e-01
3.165893554687500000e-01
3.166503906250000000e-01
3.167114257812500000e-01
3.167724609375000000e-01
3.168334960937500000e-01
3.168945312500000000e-01
3.169555664062500000e-01
3.170166015625000000e-01
3.170776367187500000e-01
3.171386718750000000e-01
3.171997070312500000e-01
3.172607421875000000e-01
3.173217773437500000e-01
3.173828125000000000e-01
3.174438476562500000e-01
3.175048828125000000e-01
3.175659179687500000e-01
3.176269531250000000e-01
3.176879882812500000e-01
3.177490234375000000e-01
3.178100585937500000e-01
3.178710937500000000e-01
3.179321289062500000e-01
3.179931640625000000e-01
3.180541992187500000e-01
3.181152343750000000e-01
3.181762695312500000e-01
3.182373046875000000e-01
3.182983398437500000e-01
3.183593750000000000e-01
3.184204101562500000e-01
3.184814453125000000e-01
3.185424804687500000e-01
3.186035156250000000e-01
3.186645507812500000e-01
3.187255859375000000e-01
3.187866210937500000e-01
3.188476562500000000e-01
3.189086914062500000e-01
3.189697265625000000e-01
3.190307617187500000e-01
3.190917968750000000e-01
3.191528320312500000e-01
3.192138671875000000e-01
3.192749023437500000e-01
3.193359375000000000e-01
3.193969726562500000e-01
3.194580078125000000e-01
3.195190429687500000e-01
3.195800781250000000e-01
3.196411132812500000e-01
3.197021484375000000e-01
3.197631835937500000e-01
3.198242187500000000e-01
3.198852539062500000e-01
3.199462890625000000e-01
3.200073242187500000e-01
3.200683593750000000e-01
3.201293945312500000e-01
3.201904296875000000e-01
3.202514648437500000e-01
3.203125000000000000e-01
3.203735351562500000e-01
3.204345703125000000e-01
3.204956054687500000e-01
3.205566406250000000e-01
3.206176757812500000e-01
3.206787109375000000e-01
3.207397460937500000e-01
3.208007812500000000e-01
3.208618164062500000e-01
3.209228515625000000e-01
3.209838867187500000e-01
3.210449218750000000e-01
3.211059570312500000e-01
3.211669921875000000e-01
3.212280273437500000e-01
3.212890625000000000e-01
3.213500976562500000e-01
3.214111328125000000e-01
3.214721679687500000e-01
3.215332031250000000e-01
3.215942382812500000e-01
3.216552734375000000e-01
3.217163085937500000e-01
3.217773437500000000e-01
3.218383789062500000e-01
3.218994140625000000e-01
3.219604492187500000e-01
3.220214843750000000e-01
3.220825195312500000e-01
3.221435546875000000e-01
3.222045898437500000e-01
3.222656250000000000e-01
3.223266601562500000e-01
3.223876953125000000e-01
3.224487304687500000e-01
3.225097656250000000e-01
3.225708007812500000e-01
3.226318359375000000e-01
3.226928710937500000e-01
3.227539062500000000e-01
3.228149414062500000e-01
3.228759765625000000e-01
3.229370117187500000e-01
3.229980468750000000e-01
3.230590820312500000e-01
3.231201171875000000e-01
3.231811523437500000e-01
3.232421875000000000e-01
3.233032226562500000e-01
3.233642578125000000e-01
3.234252929687500000e-01
3.234863281250000000e-01
3.235473632812500000e-01
3.236083984375000000e-01
3.236694335937500000e-01
3.237304687500000000e-01
3.237915039062500000e-01
3.238525390625000000e-01
3.239135742187500000e-01
3.239746093750000000e-01
3.240356445312500000e-01
3.240966796875000000e-01
3.241577148437500000e-01
3.242187500000000000e-01
3.242797851562500000e-01
3.243408203125000000e-01
3.244018554687500000e-01
3.244628906250000000e-01
3.245239257812500000e-01
3.245849609375000000e-01
3.246459960937500000e-01
3.247070312500000000e-01
3.247680664062500000e-01
3.248291015625000000e-01
3.248901367187500000e-01
3.249511718750000000e-01
3.250122070312500000e-01
3.250732421875000000e-01
3.251342773437500000e-01
3.251953125000000000e-01
3.252563476562500000e-01
3.253173828125000000e-01
3.253784179687500000e-01
3.254394531250000000e-01
3.255004882812500000e-01
3.255615234375000000e-01
3.256225585937500000e-01
3.256835937500000000e-01
3.257446289062500000e-01
3.258056640625000000e-01
3.258666992187500000e-01
3.259277343750000000e-01
3.259887695312500000e-01
3.260498046875000000e-01
3.261108398437500000e-01
3.261718750000000000e-01
3.262329101562500000e-01
3.262939453125000000e-01
3.263549804687500000e-01
3.264160156250000000e-01
3.264770507812500000e-01
3.265380859375000000e-01
3.265991210937500000e-01
3.266601562500000000e-01
3.267211914062500000e-01
3.267822265625000000e-01
3.268432617187500000e-01
3.269042968750000000e-01
3.269653320312500000e-01
3.270263671875000000e-01
3.270874023437500000e-01
3.271484375000000000e-01
3.272094726562500000e-01
3.272705078125000000e-01
3.273315429687500000e-01
3.273925781250000000e-01
3.274536132812500000e-01
3.275146484375000000e-01
3.275756835937500000e-01
3.276367187500000000e-01
3.276977539062500000e-01
3.277587890625000000e-01
3.278198242187500000e-01
3.278808593750000000e-01
3.279418945312500000e-01
3.280029296875000000e-01
3.280639648437500000e-01
3.281250000000000000e-01
3.281860351562500000e-01
3.282470703125000000e-01
3.283081054687500000e-01
3.283691406250000000e-01
3.284301757812500000e-01
3.284912109375000000e-01
3.285522460937500000e-01
3.286132812500000000e-01
3.286743164062500000e-01
3.287353515625000000e-01
3.287963867187500000e-01
3.288574218750000000e-01
3.289184570312500000e-01
3.289794921875000000e-01
3.290405273437500000e-01
3.291015625000000000e-01
3.291625976562500000e-01
3.292236328125000000e-01
3.292846679687500000e-01
3.293457031250000000e-01
3.294067382812500000e-01
3.294677734375000000e-01
3.295288085937500000e-01
3.295898437500000000e-01
3.296508789062500000e-01
3.297119140625000000e-01
3.297729492187500000e-01
3.298339843750000000e-01
3.298950195312500000e-01
3.299560546875000000e-01
3.300170898437500000e-01
3.300781250000000000e-01
3.301391601562500000e-01
3.302001953125000000e-01
3.302612304687500000e-01
3.303222656250000000e-01
3.303833007812500000e-01
3.304443359375000000e-01
3.305053710937500000e-01
3.305664062500000000e-01
3.306274414062500000e-01
3.306884765625000000e-01
3.307495117187500000e-01
3.308105468750000000e-01
3.308715820312500000e-01
3.309326171875000000e-01
3.309936523437500000e-01
3.310546875000000000e-01
3.311157226562500000e-01
3.311767578125000000e-01
3.312377929687500000e-01
3.312988281250000000e-01
3.313598632812500000e-01
3.314208984375000000e-01
3.314819335937500000e-01
3.315429687500000000e-01
3.316040039062500000e-01
3.316650390625000000e-01
3.317260742187500000e-01
3.317871093750000000e-01
3.318481445312500000e-01
3.319091796875000000e-01
3.319702148437500000e-01
3.320312500000000000e-01
3.320922851562500000e-01
3.321533203125000000e-01
3.322143554687500000e-01
3.322753906250000000e-01
3.323364257812500000e-01
3.323974609375000000e-01
3.324584960937500000e-01
3.325195312500000000e-01
3.325805664062500000e-01
3.326416015625000000e-01
3.327026367187500000e-01
3.327636718750000000e-01
3.328247070312500000e-01
3.328857421875000000e-01
3.329467773437500000e-01
3.330078125000000000e-01
3.330688476562500000e-01
3.331298828125000000e-01
3.331909179687500000e-01
3.332519531250000000e-01
3.333129882812500000e-01
3.333740234375000000e-01
3.334350585937500000e-01
3.334960937500000000e-01
3.335571289062500000e-01
3.336181640625000000e-01
3.336791992187500000e-01
3.337402343750000000e-01
3.338012695312500000e-01
3.338623046875000000e-01
3.339233398437500000e-01
3.339843750000000000e-01
3.340454101562500000e-01
3.341064453125000000e-01
3.341674804687500000e-01
3.342285156250000000e-01
3.342895507812500000e-01
3.343505859375000000e-01
3.344116210937500000e-01
3.344726562500000000e-01
3.345336914062500000e-01
3.345947265625000000e-01
3.346557617187500000e-01
3.347167968750000000e-01
3.347778320312500000e-01
3.348388671875000000e-01
3.348999023437500000e-01
3.349609375000000000e-01
3.350219726562500000e-01
3.350830078125000000e-01
3.351440429687500000e-01
3.352050781250000000e-01
3.352661132812500000e-01
3.353271484375000000e-01
3.353881835937500000e-01
3.354492187500000000e-01
3.355102539062500000e-01
3.355712890625000000e-01
3.356323242187500000e-01
3.356933593750000000e-01
3.357543945312500000e-01
3.358154296875000000e-01
3.358764648437500000e-01
3.359375000000000000e-01
3.359985351562500000e-01
3.360595703125000000e-01
3.361206054687500000e-01
3.361816406250000000e-01
3.362426757812500000e-01
3.363037109375000000e-01
3.363647460937500000e-01
3.364257812500000000e-01
3.364868164062500000e-01
3.365478515625000000e-01
3.366088867187500000e-01
3.366699218750000000e-01
3.367309570312500000e-01
3.367919921875000000e-01
3.368530273437500000e-01
3.369140625000000000e-01
3.369750976562500000e-01
3.370361328125000000e-01
3.370971679687500000e-01
3.371582031250000000e-01
3.372192382812500000e-01
3.372802734375000000e-01
3.373413085937500000e-01
3.374023437500000000e-01
3.374633789062500000e-01
3.375244140625000000e-01
3.375854492187500000e-01
3.376464843750000000e-01
3.377075195312500000e-01
3.377685546875000000e-01
3.378295898437500000e-01
3.378906250000000000e-01
3.379516601562500000e-01
3.380126953125000000e-01
3.380737304687500000e-01
3.381347656250000000e-01
3.381958007812500000e-01
3.382568359375000000e-01
3.383178710937500000e-01
3.383789062500000000e-01
3.384399414062500000e-01
3.385009765625000000e-01
3.385620117187500000e-01
3.386230468750000000e-01
3.386840820312500000e-01
3.387451171875000000e-01
3.388061523437500000e-01
3.388671875000000000e-01
3.389282226562500000e-01
3.389892578125000000e-01
3.390502929687500000e-01
3.391113281250000000e-01
3.391723632812500000e-01
3.392333984375000000e-01
3.392944335937500000e-01
3.393554687500000000e-01
3.394165039062500000e-01
3.394775390625000000e-01
3.395385742187500000e-01
3.395996093750000000e-01
3.396606445312500000e-01
3.397216796875000000e-01
3.397827148437500000e-01
3.398437500000000000e-01
3.399047851562500000e-01
3.399658203125000000e-01
3.400268554687500000e-01
3.400878906250000000e-01
3.401489257812500000e-01
3.402099609375000000e-01
3.402709960937500000e-01
3.403320312500000000e-01
3.403930664062500000e-01
3.404541015625000000e-01
3.405151367187500000e-01
3.405761718750000000e-01
3.406372070312500000e-01
3.406982421875000000e-01
3.407592773437500000e-01
3.408203125000000000e-01
3.408813476562500000e-01
3.409423828125000000e-01
3.410034179687500000e-01
3.410644531250000000e-01
3.411254882812500000e-01
3.411865234375000000e-01
3.412475585937500000e-01
3.413085937500000000e-01
3.413696289062500000e-01
3.414306640625000000e-01
3.414916992187500000e-01
3.415527343750000000e-01
3.416137695312500000e-01
3.416748046875000000e-01
3.417358398437500000e-01
3.417968750000000000e-01
3.418579101562500000e-01
3.419189453125000000e-01
3.419799804687500000e-01
3.420410156250000000e-01
3.421020507812500000e-01
3.421630859375000000e-01
3.422241210937500000e-01
3.422851562500000000e-01
3.423461914062500000e-01
3.424072265625000000e-01
3.424682617187500000e-01
3.425292968750000000e-01
3.425903320312500000e-01
3.426513671875000000e-01
3.427124023437500000e-01
3.427734375000000000e-01
3.428344726562500000e-01
3.428955078125000000e-01
3.429565429687500000e-01
3.430175781250000000e-01
3.430786132812500000e-01
3.431396484375000000e-01
3.432006835937500000e-01
3.432617187500000000e-01
3.433227539062500000e-01
3.433837890625000000e-01
3.434448242187500000e-01
3.435058593750000000e-01
3.435668945312500000e-01
3.436279296875000000e-01
3.436889648437500000e-01
3.437500000000000000e-01
3.438110351562500000e-01
3.438720703125000000e-01
3.439331054687500000e-01
3.439941406250000000e-01
3.440551757812500000e-01
3.441162109375000000e-01
3.441772460937500000e-01
3.442382812500000000e-01
3.442993164062500000e-01
3.443603515625000000e-01
3.444213867187500000e-01
3.444824218750000000e-01
3.445434570312500000e-01
3.446044921875000000e-01
3.446655273437500000e-01
3.447265625000000000e-01
3.447875976562500000e-01
3.448486328125000000e-01
3.449096679687500000e-01
3.449707031250000000e-01
3.450317382812500000e-01
3.450927734375000000e-01
3.451538085937500000e-01
3.452148437500000000e-01
3.452758789062500000e-01
3.453369140625000000e-01
3.453979492187500000e-01
3.454589843750000000e-01
3.455200195312500000e-01
3.455810546875000000e-01
3.456420898437500000e-01
3.457031250000000000e-01
3.457641601562500000e-01
3.458251953125000000e-01
3.458862304687500000e-01
3.459472656250000000e-01
3.460083007812500000e-01
3.460693359375000000e-01
3.461303710937500000e-01
3.461914062500000000e-01
3.462524414062500000e-01
3.463134765625000000e-01
3.463745117187500000e-01
3.464355468750000000e-01
3.464965820312500000e-01
3.465576171875000000e-01
3.466186523437500000e-01
3.466796875000000000e-01
3.467407226562500000e-01
3.468017578125000000e-01
3.468627929687500000e-01
3.469238281250000000e-01
3.469848632812500000e-01
3.470458984375000000e-01
3.471069335937500000e-01
3.471679687500000000e-01
3.472290039062500000e-01
3.472900390625000000e-01
3.473510742187500000e-01
3.474121093750000000e-01
3.474731445312500000e-01
3.475341796875000000e-01
3.475952148437500000e-01
3.476562500000000000e-01
3.477172851562500000e-01
3.477783203125000000e-01
3.478393554687500000e-01
3.479003906250000000e-01
3.479614257812500000e-01
3.480224609375000000e-01
3.480834960937500000e-01
3.481445312500000000e-01
3.482055664062500000e-01
3.482666015625000000e-01
3.483276367187500000e-01
3.483886718750000000e-01
3.484497070312500000e-01
3.485107421875000000e-01
3.485717773437500000e-01
3.486328125000000000e-01
3.486938476562500000e-01
3.487548828125000000e-01
3.488159179687500000e-01
3.488769531250000000e-01
3.489379882812500000e-01
3.489990234375000000e-01
3.490600585937500000e-01
3.491210937500000000e-01
3.491821289062500000e-01
3.492431640625000000e-01
3.493041992187500000e-01
3.493652343750000000e-01
3.494262695312500000e-01
3.494873046875000000e-01
3.495483398437500000e-01
3.496093750000000000e-01
3.496704101562500000e-01
3.497314453125000000e-01
3.497924804687500000e-01
3.498535156250000000e-01
3.499145507812500000e-01
3.499755859375000000e-01
3.500366210937500000e-01
3.500976562500000000e-01
3.501586914062500000e-01
3.502197265625000000e-01
3.502807617187500000e-01
3.503417968750000000e-01
3.504028320312500000e-01
3.504638671875000000e-01
3.505249023437500000e-01
3.505859375000000000e-01
3.506469726562500000e-01
3.507080078125000000e-01
3.507690429687500000e-01
3.508300781250000000e-01
3.508911132812500000e-01
3.509521484375000000e-01
3.510131835937500000e-01
3.510742187500000000e-01
3.511352539062500000e-01
3.511962890625000000e-01
3.512573242187500000e-01
3.513183593750000000e-01
3.513793945312500000e-01
3.514404296875000000e-01
3.515014648437500000e-01
3.515625000000000000e-01
3.516235351562500000e-01
3.516845703125000000e-01
3.517456054687500000e-01
3.518066406250000000e-01
3.518676757812500000e-01
3.519287109375000000e-01
3.519897460937500000e-01
3.520507812500000000e-01
3.521118164062500000e-01
3.521728515625000000e-01
3.522338867187500000e-01
3.522949218750000000e-01
3.523559570312500000e-01
3.524169921875000000e-01
3.524780273437500000e-01
3.525390625000000000e-01
3.526000976562500000e-01
3.526611328125000000e-01
3.527221679687500000e-01
3.527832031250000000e-01
3.528442382812500000e-01
3.529052734375000000e-01
3.529663085937500000e-01
3.530273437500000000e-01
3.530883789062500000e-01
3.531494140625000000e-01
3.532104492187500000e-01
3.532714843750000000e-01
3.533325195312500000e-01
3.533935546875000000e-01
3.534545898437500000e-01
3.535156250000000000e-01
3.535766601562500000e-01
3.536376953125000000e-01
3.536987304687500000e-01
3.537597656250000000e-01
3.538208007812500000e-01
3.538818359375000000e-01
3.539428710937500000e-01
3.540039062500000000e-01
3.540649414062500000e-01
3.541259765625000000e-01
3.541870117187500000e-01
3.542480468750000000e-01
3.543090820312500000e-01
3.543701171875000000e-01
3.544311523437500000e-01
3.544921875000000000e-01
3.545532226562500000e-01
3.546142578125000000e-01
3.546752929687500000e-01
3.547363281250000000e-01
3.547973632812500000e-01
3.548583984375000000e-01
3.549194335937500000e-01
3.549804687500000000e-01
3.550415039062500000e-01
3.551025390625000000e-01
3.551635742187500000e-01
3.552246093750000000e-01
3.552856445312500000e-01
3.553466796875000000e-01
3.554077148437500000e-01
3.554687500000000000e-01
3.555297851562500000e-01
3.555908203125000000e-01
3.556518554687500000e-01
3.557128906250000000e-01
3.557739257812500000e-01
3.558349609375000000e-01
3.558959960937500000e-01
3.559570312500000000e-01
3.560180664062500000e-01
3.560791015625000000e-01
3.561401367187500000e-01
3.562011718750000000e-01
3.562622070312500000e-01
3.563232421875000000e-01
3.563842773437500000e-01
3.564453125000000000e-01
3.565063476562500000e-01
3.565673828125000000e-01
3.566284179687500000e-01
3.566894531250000000e-01
3.567504882812500000e-01
3.568115234375000000e-01
3.568725585937500000e-01
3.569335937500000000e-01
3.569946289062500000e-01
3.570556640625000000e-01
3.571166992187500000e-01
3.571777343750000000e-01
3.572387695312500000e-01
3.572998046875000000e-01
3.573608398437500000e-01
3.574218750000000000e-01
3.574829101562500000e-01
3.575439453125000000e-01
3.576049804687500000e-01
3.576660156250000000e-01
3.577270507812500000e-01
3.577880859375000000e-01
3.578491210937500000e-01
3.579101562500000000e-01
3.579711914062500000e-01
3.580322265625000000e-01
3.580932617187500000e-01
3.581542968750000000e-01
3.582153320312500000e-01
3.582763671875000000e-01
3.583374023437500000e-01
3.583984375000000000e-01
3.584594726562500000e-01
3.585205078125000000e-01
3.585815429687500000e-01
3.586425781250000000e-01
3.587036132812500000e-01
3.587646484375000000e-01
3.588256835937500000e-01
3.588867187500000000e-01
3.589477539062500000e-01
3.590087890625000000e-01
3.590698242187500000e-01
3.591308593750000000e-01
3.591918945312500000e-01
3.592529296875000000e-01
3.593139648437500000e-01
3.593750000000000000e-01
3.594360351562500000e-01
3.594970703125000000e-01
3.595581054687500000e-01
3.596191406250000000e-01
3.596801757812500000e-01
3.597412109375000000e-01
3.598022460937500000e-01
3.598632812500000000e-01
3.599243164062500000e-01
3.599853515625000000e-01
3.600463867187500000e-01
3.601074218750000000e-01
3.601684570312500000e-01
3.602294921875000000e-01
3.602905273437500000e-01
3.603515625000000000e-01
3.604125976562500000e-01
3.604736328125000000e-01
3.605346679687500000e-01
3.605957031250000000e-01
3.606567382812500000e-01
3.607177734375000000e-01
3.607788085937500000e-01
3.608398437500000000e-01
3.609008789062500000e-01
3.609619140625000000e-01
3.610229492187500000e-01
3.610839843750000000e-01
3.611450195312500000e-01
3.612060546875000000e-01
3.612670898437500000e-01
3.613281250000000000e-01
3.613891601562500000e-01
3.614501953125000000e-01
3.615112304687500000e-01
3.615722656250000000e-01
3.616333007812500000e-01
3.616943359375000000e-01
3.617553710937500000e-01
3.618164062500000000e-01
3.618774414062500000e-01
3.619384765625000000e-01
3.619995117187500000e-01
3.620605468750000000e-01
3.621215820312500000e-01
3.621826171875000000e-01
3.622436523437500000e-01
3.623046875000000000e-01
3.623657226562500000e-01
3.624267578125000000e-01
3.624877929687500000e-01
3.625488281250000000e-01
3.626098632812500000e-01
3.626708984375000000e-01
3.627319335937500000e-01
3.627929687500000000e-01
3.628540039062500000e-01
3.629150390625000000e-01
3.629760742187500000e-01
3.630371093750000000e-01
3.630981445312500000e-01
3.631591796875000000e-01
3.632202148437500000e-01
3.632812500000000000e-01
3.633422851562500000e-01
3.634033203125000000e-01
3.634643554687500000e-01
3.635253906250000000e-01
3.635864257812500000e-01
3.636474609375000000e-01
3.637084960937500000e-01
3.637695312500000000e-01
3.638305664062500000e-01
3.638916015625000000e-01
3.639526367187500000e-01
3.640136718750000000e-01
3.640747070312500000e-01
3.641357421875000000e-01
3.641967773437500000e-01
3.642578125000000000e-01
3.643188476562500000e-01
3.643798828125000000e-01
3.644409179687500000e-01
3.645019531250000000e-01
3.645629882812500000e-01
3.646240234375000000e-01
3.646850585937500000e-01
3.647460937500000000e-01
3.648071289062500000e-01
3.648681640625000000e-01
3.649291992187500000e-01
3.649902343750000000e-01
3.650512695312500000e-01
3.651123046875000000e-01
3.651733398437500000e-01
3.652343750000000000e-01
3.652954101562500000e-01
3.653564453125000000e-01
3.654174804687500000e-01
3.654785156250000000e-01
3.655395507812500000e-01
3.656005859375000000e-01
3.656616210937500000e-01
3.657226562500000000e-01
3.657836914062500000e-01
3.658447265625000000e-01
3.659057617187500000e-01
3.659667968750000000e-01
3.660278320312500000e-01
3.660888671875000000e-01
3.661499023437500000e-01
3.662109375000000000e-01
3.662719726562500000e-01
3.663330078125000000e-01
3.663940429687500000e-01
3.664550781250000000e-01
3.665161132812500000e-01
3.665771484375000000e-01
3.666381835937500000e-01
3.666992187500000000e-01
3.667602539062500000e-01
3.668212890625000000e-01
3.668823242187500000e-01
3.669433593750000000e-01
3.670043945312500000e-01
3.670654296875000000e-01
3.671264648437500000e-01
3.671875000000000000e-01
3.672485351562500000e-01
3.673095703125000000e-01
3.673706054687500000e-01
3.674316406250000000e-01
3.674926757812500000e-01
3.675537109375000000e-01
3.676147460937500000e-01
3.676757812500000000e-01
3.677368164062500000e-01
3.677978515625000000e-01
3.678588867187500000e-01
3.679199218750000000e-01
3.679809570312500000e-01
3.680419921875000000e-01
3.681030273437500000e-01
3.681640625000000000e-01
3.682250976562500000e-01
3.682861328125000000e-01
3.683471679687500000e-01
3.684082031250000000e-01
3.684692382812500000e-01
3.685302734375000000e-01
3.685913085937500000e-01
3.686523437500000000e-01
3.687133789062500000e-01
3.687744140625000000e-01
3.688354492187500000e-01
3.688964843750000000e-01
3.689575195312500000e-01
3.690185546875000000e-01
3.690795898437500000e-01
3.691406250000000000e-01
3.692016601562500000e-01
3.692626953125000000e-01
3.693237304687500000e-01
3.693847656250000000e-01
3.694458007812500000e-01
3.695068359375000000e-01
3.695678710937500000e-01
3.696289062500000000e-01
3.696899414062500000e-01
3.697509765625000000e-01
3.698120117187500000e-01
3.698730468750000000e-01
3.699340820312500000e-01
3.699951171875000000e-01
3.700561523437500000e-01
3.701171875000000000e-01
3.701782226562500000e-01
3.702392578125000000e-01
3.703002929687500000e-01
3.703613281250000000e-01
3.704223632812500000e-01
3.704833984375000000e-01
3.705444335937500000e-01
3.706054687500000000e-01
3.706665039062500000e-01
3.707275390625000000e-01
3.707885742187500000e-01
3.708496093750000000e-01
3.709106445312500000e-01
3.709716796875000000e-01
3.710327148437500000e-01
3.710937500000000000e-01
3.711547851562500000e-01
3.712158203125000000e-01
3.712768554687500000e-01
3.713378906250000000e-01
3.713989257812500000e-01
3.714599609375000000e-01
3.715209960937500000e-01
3.715820312500000000e-01
3.716430664062500000e-01
3.717041015625000000e-01
3.717651367187500000e-01
3.718261718750000000e-01
3.718872070312500000e-01
3.719482421875000000e-01
3.720092773437500000e-01
3.720703125000000000e-01
3.721313476562500000e-01
3.721923828125000000e-01
3.722534179687500000e-01
3.723144531250000000e-01
3.723754882812500000e-01
3.724365234375000000e-01
3.724975585937500000e-01
3.725585937500000000e-01
3.726196289062500000e-01
3.726806640625000000e-01
3.727416992187500000e-01
3.728027343750000000e-01
3.728637695312500000e-01
3.729248046875000000e-01
3.729858398437500000e-01
3.730468750000000000e-01
3.731079101562500000e-01
3.731689453125000000e-01
3.732299804687500000e-01
3.732910156250000000e-01
3.733520507812500000e-01
3.734130859375000000e-01
3.734741210937500000e-01
3.735351562500000000e-01
3.735961914062500000e-01
3.736572265625000000e-01
3.737182617187500000e-01
3.737792968750000000e-01
3.738403320312500000e-01
3.739013671875000000e-01
3.739624023437500000e-01
3.740234375000000000e-01
3.740844726562500000e-01
3.741455078125000000e-01
3.742065429687500000e-01
3.742675781250000000e-01
3.743286132812500000e-01
3.743896484375000000e-01
3.744506835937500000e-01
3.745117187500000000e-01
3.745727539062500000e-01
3.746337890625000000e-01
3.746948242187500000e-01
3.747558593750000000e-01
3.748168945312500000e-01
3.748779296875000000e-01
3.749389648437500000e-01
3.750000000000000000e-01
3.750610351562500000e-01
3.751220703125000000e-01
3.751831054687500000e-01
3.752441406250000000e-01
3.753051757812500000e-01
3.753662109375000000e-01
3.754272460937500000e-01
3.754882812500000000e-01
3.755493164062500000e-01
3.756103515625000000e-01
3.756713867187500000e-01
3.757324218750000000e-01
3.757934570312500000e-01
3.758544921875000000e-01
3.759155273437500000e-01
3.759765625000000000e-01
3.760375976562500000e-01
3.760986328125000000e-01
3.761596679687500000e-01
3.762207031250000000e-01
3.762817382812500000e-01
3.763427734375000000e-01
3.764038085937500000e-01
3.764648437500000000e-01
3.765258789062500000e-01
3.765869140625000000e-01
3.766479492187500000e-01
3.767089843750000000e-01
3.767700195312500000e-01
3.768310546875000000e-01
3.768920898437500000e-01
3.769531250000000000e-01
3.770141601562500000e-01
3.770751953125000000e-01
3.771362304687500000e-01
3.771972656250000000e-01
3.772583007812500000e-01
3.773193359375000000e-01
3.773803710937500000e-01
3.774414062500000000e-01
3.775024414062500000e-01
3.775634765625000000e-01
3.776245117187500000e-01
3.776855468750000000e-01
3.777465820312500000e-01
3.778076171875000000e-01
3.778686523437500000e-01
3.779296875000000000e-01
3.779907226562500000e-01
3.780517578125000000e-01
3.781127929687500000e-01
3.781738281250000000e-01
3.782348632812500000e-01
3.782958984375000000e-01
3.783569335937500000e-01
3.784179687500000000e-01
3.784790039062500000e-01
3.785400390625000000e-01
3.786010742187500000e-01
3.786621093750000000e-01
3.787231445312500000e-01
3.787841796875000000e-01
3.788452148437500000e-01
3.789062500000000000e-01
3.789672851562500000e-01
3.790283203125000000e-01
3.790893554687500000e-01
3.791503906250000000e-01
3.792114257812500000e-01
3.792724609375000000e-01
3.793334960937500000e-01
3.793945312500000000e-01
3.794555664062500000e-01
3.795166015625000000e-01
3.795776367187500000e-01
3.796386718750000000e-01
3.796997070312500000e-01
3.797607421875000000e-01
3.798217773437500000e-01
3.798828125000000000e-01
3.799438476562500000e-01
3.800048828125000000e-01
3.800659179687500000e-01
3.801269531250000000e-01
3.801879882812500000e-01
3.802490234375000000e-01
3.803100585937500000e-01
3.803710937500000000e-01
3.804321289062500000e-01
3.804931640625000000e-01
3.805541992187500000e-01
3.806152343750000000e-01
3.806762695312500000e-01
3.807373046875000000e-01
3.807983398437500000e-01
3.808593750000000000e-01
3.809204101562500000e-01
3.809814453125000000e-01
3.810424804687500000e-01
3.811035156250000000e-01
3.811645507812500000e-01
3.812255859375000000e-01
3.812866210937500000e-01
3.813476562500000000e-01
3.814086914062500000e-01
3.814697265625000000e-01
3.815307617187500000e-01
3.815917968750000000e-01
3.816528320312500000e-01
3.817138671875000000e-01
3.817749023437500000e-01
3.818359375000000000e-01
3.818969726562500000e-01
3.819580078125000000e-01
3.820190429687500000e-01
3.820800781250000000e-01
3.821411132812500000e-01
3.822021484375000000e-01
3.822631835937500000e-01
3.823242187500000000e-01
3.823852539062500000e-01
3.824462890625000000e-01
3.825073242187500000e-01
3.825683593750000000e-01
3.826293945312500000e-01
3.826904296875000000e-01
3.827514648437500000e-01
3.828125000000000000e-01
3.828735351562500000e-01
3.829345703125000000e-01
3.829956054687500000e-01
3.830566406250000000e-01
3.831176757812500000e-01
3.831787109375000000e-01
3.832397460937500000e-01
3.833007812500000000e-01
3.833618164062500000e-01
3.834228515625000000e-01
3.834838867187500000e-01
3.835449218750000000e-01
3.836059570312500000e-01
3.836669921875000000e-01
3.837280273437500000e-01
3.837890625000000000e-01
3.838500976562500000e-01
3.839111328125000000e-01
3.839721679687500000e-01
3.840332031250000000e-01
3.840942382812500000e-01
3.841552734375000000e-01
3.842163085937500000e-01
3.842773437500000000e-01
3.843383789062500000e-01
3.843994140625000000e-01
3.844604492187500000e-01
3.845214843750000000e-01
3.845825195312500000e-01
3.846435546875000000e-01
3.847045898437500000e-01
3.847656250000000000e-01
3.848266601562500000e-01
3.848876953125000000e-01
3.849487304687500000e-01
3.850097656250000000e-01
3.850708007812500000e-01
3.851318359375000000e-01
3.851928710937500000e-01
3.852539062500000000e-01
3.853149414062500000e-01
3.853759765625000000e-01
3.854370117187500000e-01
3.854980468750000000e-01
3.855590820312500000e-01
3.856201171875000000e-01
3.856811523437500000e-01
3.857421875000000000e-01
3.858032226562500000e-01
3.858642578125000000e-01
3.859252929687500000e-01
3.859863281250000000e-01
3.860473632812500000e-01
3.861083984375000000e-01
3.861694335937500000e-01
3.862304687500000000e-01
3.862915039062500000e-01
3.863525390625000000e-01
3.864135742187500000e-01
3.864746093750000000e-01
3.865356445312500000e-01
3.865966796875000000e-01
3.866577148437500000e-01
3.867187500000000000e-01
3.867797851562500000e-01
3.868408203125000000e-01
3.869018554687500000e-01
3.869628906250000000e-01
3.870239257812500000e-01
3.870849609375000000e-01
3.871459960937500000e-01
3.872070312500000000e-01
3.872680664062500000e-01
3.873291015625000000e-01
3.873901367187500000e-01
3.874511718750000000e-01
3.875122070312500000e-01
3.875732421875000000e-01
3.876342773437500000e-01
3.876953125000000000e-01
3.877563476562500000e-01
3.878173828125000000e-01
3.878784179687500000e-01
3.879394531250000000e-01
3.880004882812500000e-01
3.880615234375000000e-01
3.881225585937500000e-01
3.881835937500000000e-01
3.882446289062500000e-01
3.883056640625000000e-01
3.883666992187500000e-01
3.884277343750000000e-01
3.884887695312500000e-01
3.885498046875000000e-01
3.886108398437500000e-01
3.886718750000000000e-01
3.887329101562500000e-01
3.887939453125000000e-01
3.888549804687500000e-01
3.889160156250000000e-01
3.889770507812500000e-01
3.890380859375000000e-01
3.890991210937500000e-01
3.891601562500000000e-01
3.892211914062500000e-01
3.892822265625000000e-01
3.893432617187500000e-01
3.894042968750000000e-01
3.894653320312500000e-01
3.895263671875000000e-01
3.895874023437500000e-01
3.896484375000000000e-01
3.897094726562500000e-01
3.897705078125000000e-01
3.898315429687500000e-01
3.898925781250000000e-01
3.899536132812500000e-01
3.900146484375000000e-01
3.900756835937500000e-01
3.901367187500000000e-01
3.901977539062500000e-01
3.902587890625000000e-01
3.903198242187500000e-01
3.903808593750000000e-01
3.904418945312500000e-01
3.905029296875000000e-01
3.905639648437500000e-01
3.906250000000000000e-01
3.906860351562500000e-01
3.907470703125000000e-01
3.908081054687500000e-01
3.908691406250000000e-01
3.909301757812500000e-01
3.909912109375000000e-01
3.910522460937500000e-01
3.911132812500000000e-01
3.911743164062500000e-01
3.912353515625000000e-01
3.912963867187500000e-01
3.913574218750000000e-01
3.914184570312500000e-01
3.914794921875000000e-01
3.915405273437500000e-01
3.916015625000000000e-01
3.916625976562500000e-01
3.917236328125000000e-01
3.917846679687500000e-01
3.918457031250000000e-01
3.919067382812500000e-01
3.919677734375000000e-01
3.920288085937500000e-01
3.920898437500000000e-01
3.921508789062500000e-01
3.922119140625000000e-01
3.922729492187500000e-01
3.923339843750000000e-01
3.923950195312500000e-01
3.924560546875000000e-01
3.925170898437500000e-01
3.925781250000000000e-01
3.926391601562500000e-01
3.927001953125000000e-01
3.927612304687500000e-01
3.928222656250000000e-01
3.928833007812500000e-01
3.929443359375000000e-01
3.930053710937500000e-01
3.930664062500000000e-01
3.931274414062500000e-01
3.931884765625000000e-01
3.932495117187500000e-01
3.933105468750000000e-01
3.933715820312500000e-01
3.934326171875000000e-01
3.934936523437500000e-01
3.935546875000000000e-01
3.936157226562500000e-01
3.936767578125000000e-01
3.937377929687500000e-01
3.937988281250000000e-01
3.938598632812500000e-01
3.939208984375000000e-01
3.939819335937500000e-01
3.940429687500000000e-01
3.941040039062500000e-01
3.941650390625000000e-01
3.942260742187500000e-01
3.942871093750000000e-01
3.943481445312500000e-01
3.944091796875000000e-01
3.944702148437500000e-01
3.945312500000000000e-01
3.945922851562500000e-01
3.946533203125000000e-01
3.947143554687500000e-01
3.947753906250000000e-01
3.948364257812500000e-01
3.948974609375000000e-01
3.949584960937500000e-01
3.950195312500000000e-01
3.950805664062500000e-01
3.951416015625000000e-01
3.952026367187500000e-01
3.952636718750000000e-01
3.953247070312500000e-01
3.953857421875000000e-01
3.954467773437500000e-01
3.955078125000000000e-01
3.955688476562500000e-01
3.956298828125000000e-01
3.956909179687500000e-01
3.957519531250000000e-01
3.958129882812500000e-01
3.958740234375000000e-01
3.959350585937500000e-01
3.959960937500000000e-01
3.960571289062500000e-01
3.961181640625000000e-01
3.961791992187500000e-01
3.962402343750000000e-01
3.963012695312500000e-01
3.963623046875000000e-01
3.964233398437500000e-01
3.964843750000000000e-01
3.965454101562500000e-01
3.966064453125000000e-01
3.966674804687500000e-01
3.967285156250000000e-01
3.967895507812500000e-01
3.968505859375000000e-01
3.969116210937500000e-01
3.969726562500000000e-01
3.970336914062500000e-01
3.970947265625000000e-01
3.971557617187500000e-01
3.972167968750000000e-01
3.972778320312500000e-01
3.973388671875000000e-01
3.973999023437500000e-01
3.974609375000000000e-01
3.975219726562500000e-01
3.975830078125000000e-01
3.976440429687500000e-01
3.977050781250000000e-01
3.977661132812500000e-01
3.978271484375000000e-01
3.978881835937500000e-01
3.979492187500000000e-01
3.980102539062500000e-01
3.980712890625000000e-01
3.981323242187500000e-01
3.981933593750000000e-01
3.982543945312500000e-01
3.983154296875000000e-01
3.983764648437500000e-01
3.984375000000000000e-01
3.984985351562500000e-01
3.985595703125000000e-01
3.986206054687500000e-01
3.986816406250000000e-01
3.987426757812500000e-01
3.988037109375000000e-01
3.988647460937500000e-01
3.989257812500000000e-01
3.989868164062500000e-01
3.990478515625000000e-01
3.991088867187500000e-01
3.991699218750000000e-01
3.992309570312500000e-01
3.992919921875000000e-01
3.993530273437500000e-01
3.994140625000000000e-01
3.994750976562500000e-01
3.995361328125000000e-01
3.995971679687500000e-01
3.996582031250000000e-01
3.997192382812500000e-01
3.997802734375000000e-01
3.998413085937500000e-01
3.999023437500000000e-01
3.999633789062500000e-01
4.000244140625000000e-01
4.000854492187500000e-01
4.001464843750000000e-01
4.002075195312500000e-01
4.002685546875000000e-01
4.003295898437500000e-01
4.003906250000000000e-01
4.004516601562500000e-01
4.005126953125000000e-01
4.005737304687500000e-01
4.006347656250000000e-01
4.006958007812500000e-01
4.007568359375000000e-01
4.008178710937500000e-01
4.008789062500000000e-01
4.009399414062500000e-01
4.010009765625000000e-01
4.010620117187500000e-01
4.011230468750000000e-01
4.011840820312500000e-01
4.012451171875000000e-01
4.013061523437500000e-01
4.013671875000000000e-01
4.014282226562500000e-01
4.014892578125000000e-01
4.015502929687500000e-01
4.016113281250000000e-01
4.016723632812500000e-01
4.017333984375000000e-01
4.017944335937500000e-01
4.018554687500000000e-01
4.019165039062500000e-01
4.019775390625000000e-01
4.020385742187500000e-01
4.020996093750000000e-01
4.021606445312500000e-01
4.022216796875000000e-01
4.022827148437500000e-01
4.023437500000000000e-01
4.024047851562500000e-01
4.024658203125000000e-01
4.025268554687500000e-01
4.025878906250000000e-01
4.026489257812500000e-01
4.027099609375000000e-01
4.027709960937500000e-01
4.028320312500000000e-01
4.028930664062500000e-01
4.029541015625000000e-01
4.030151367187500000e-01
4.030761718750000000e-01
4.031372070312500000e-01
4.031982421875000000e-01
4.032592773437500000e-01
4.033203125000000000e-01
4.033813476562500000e-01
4.034423828125000000e-01
4.035034179687500000e-01
4.035644531250000000e-01
4.036254882812500000e-01
4.036865234375000000e-01
4.037475585937500000e-01
4.038085937500000000e-01
4.038696289062500000e-01
4.039306640625000000e-01
4.039916992187500000e-01
4.040527343750000000e-01
4.041137695312500000e-01
4.041748046875000000e-01
4.042358398437500000e-01
4.042968750000000000e-01
4.043579101562500000e-01
4.044189453125000000e-01
4.044799804687500000e-01
4.045410156250000000e-01
4.046020507812500000e-01
4.046630859375000000e-01
4.047241210937500000e-01
4.047851562500000000e-01
4.048461914062500000e-01
4.049072265625000000e-01
4.049682617187500000e-01
4.050292968750000000e-01
4.050903320312500000e-01
4.051513671875000000e-01
4.052124023437500000e-01
4.052734375000000000e-01
4.053344726562500000e-01
4.053955078125000000e-01
4.054565429687500000e-01
4.055175781250000000e-01
4.055786132812500000e-01
4.056396484375000000e-01
4.057006835937500000e-01
4.057617187500000000e-01
4.058227539062500000e-01
4.058837890625000000e-01
4.059448242187500000e-01
4.060058593750000000e-01
4.060668945312500000e-01
4.061279296875000000e-01
4.061889648437500000e-01
4.062500000000000000e-01
4.063110351562500000e-01
4.063720703125000000e-01
4.064331054687500000e-01
4.064941406250000000e-01
4.065551757812500000e-01
4.066162109375000000e-01
4.066772460937500000e-01
4.067382812500000000e-01
4.067993164062500000e-01
4.068603515625000000e-01
4.069213867187500000e-01
4.069824218750000000e-01
4.070434570312500000e-01
4.071044921875000000e-01
4.071655273437500000e-01
4.072265625000000000e-01
4.072875976562500000e-01
4.073486328125000000e-01
4.074096679687500000e-01
4.074707031250000000e-01
4.075317382812500000e-01
4.075927734375000000e-01
4.076538085937500000e-01
4.077148437500000000e-01
4.077758789062500000e-01
4.078369140625000000e-01
4.078979492187500000e-01
4.079589843750000000e-01
4.080200195312500000e-01
4.080810546875000000e-01
4.081420898437500000e-01
4.082031250000000000e-01
4.082641601562500000e-01
4.083251953125000000e-01
4.083862304687500000e-01
4.084472656250000000e-01
4.085083007812500000e-01
4.085693359375000000e-01
4.086303710937500000e-01
4.086914062500000000e-01
4.087524414062500000e-01
4.088134765625000000e-01
4.088745117187500000e-01
4.089355468750000000e-01
4.089965820312500000e-01
4.090576171875000000e-01
4.091186523437500000e-01
4.091796875000000000e-01
4.092407226562500000e-01
4.093017578125000000e-01
4.093627929687500000e-01
4.094238281250000000e-01
4.094848632812500000e-01
4.095458984375000000e-01
4.096069335937500000e-01
4.096679687500000000e-01
4.097290039062500000e-01
4.097900390625000000e-01
4.098510742187500000e-01
4.099121093750000000e-01
4.099731445312500000e-01
4.100341796875000000e-01
4.100952148437500000e-01
4.101562500000000000e-01
4.102172851562500000e-01
4.102783203125000000e-01
4.103393554687500000e-01
4.104003906250000000e-01
4.104614257812500000e-01
4.105224609375000000e-01
4.105834960937500000e-01
4.106445312500000000e-01
4.107055664062500000e-01
4.107666015625000000e-01
4.108276367187500000e-01
4.108886718750000000e-01
4.109497070312500000e-01
4.110107421875000000e-01
4.110717773437500000e-01
4.111328125000000000e-01
4.111938476562500000e-01
4.112548828125000000e-01
4.113159179687500000e-01
4.113769531250000000e-01
4.114379882812500000e-01
4.114990234375000000e-01
4.115600585937500000e-01
4.116210937500000000e-01
4.116821289062500000e-01
4.117431640625000000e-01
4.118041992187500000e-01
4.118652343750000000e-01
4.119262695312500000e-01
4.119873046875000000e-01
4.120483398437500000e-01
4.121093750000000000e-01
4.121704101562500000e-01
4.122314453125000000e-01
4.122924804687500000e-01
4.123535156250000000e-01
4.124145507812500000e-01
4.124755859375000000e-01
4.125366210937500000e-01
4.125976562500000000e-01
4.126586914062500000e-01
4.127197265625000000e-01
4.127807617187500000e-01
4.128417968750000000e-01
4.129028320312500000e-01
4.129638671875000000e-01
4.130249023437500000e-01
4.130859375000000000e-01
4.131469726562500000e-01
4.132080078125000000e-01
4.132690429687500000e-01
4.133300781250000000e-01
4.133911132812500000e-01
4.134521484375000000e-01
4.135131835937500000e-01
4.135742187500000000e-01
4.136352539062500000e-01
4.136962890625000000e-01
4.137573242187500000e-01
4.138183593750000000e-01
4.138793945312500000e-01
4.139404296875000000e-01
4.140014648437500000e-01
4.140625000000000000e-01
4.141235351562500000e-01
4.141845703125000000e-01
4.142456054687500000e-01
4.143066406250000000e-01
4.143676757812500000e-01
4.144287109375000000e-01
4.144897460937500000e-01
4.145507812500000000e-01
4.146118164062500000e-01
4.146728515625000000e-01
4.147338867187500000e-01
4.147949218750000000e-01
4.148559570312500000e-01
4.149169921875000000e-01
4.149780273437500000e-01
4.150390625000000000e-01
4.151000976562500000e-01
4.151611328125000000e-01
4.152221679687500000e-01
4.152832031250000000e-01
4.153442382812500000e-01
4.154052734375000000e-01
4.154663085937500000e-01
4.155273437500000000e-01
4.155883789062500000e-01
4.156494140625000000e-01
4.157104492187500000e-01
4.157714843750000000e-01
4.158325195312500000e-01
4.158935546875000000e-01
4.159545898437500000e-01
4.160156250000000000e-01
4.160766601562500000e-01
4.161376953125000000e-01
4.161987304687500000e-01
4.162597656250000000e-01
4.163208007812500000e-01
4.163818359375000000e-01
4.164428710937500000e-01
4.165039062500000000e-01
4.165649414062500000e-01
4.166259765625000000e-01
4.166870117187500000e-01
4.167480468750000000e-01
4.168090820312500000e-01
4.168701171875000000e-01
4.169311523437500000e-01
4.169921875000000000e-01
4.170532226562500000e-01
4.171142578125000000e-01
4.171752929687500000e-01
4.172363281250000000e-01
4.172973632812500000e-01
4.173583984375000000e-01
4.174194335937500000e-01
4.174804687500000000e-01
4.175415039062500000e-01
4.176025390625000000e-01
4.176635742187500000e-01
4.177246093750000000e-01
4.177856445312500000e-01
4.178466796875000000e-01
4.179077148437500000e-01
4.179687500000000000e-01
4.180297851562500000e-01
4.180908203125000000e-01
4.181518554687500000e-01
4.182128906250000000e-01
4.182739257812500000e-01
4.183349609375000000e-01
4.183959960937500000e-01
4.184570312500000000e-01
4.185180664062500000e-01
4.185791015625000000e-01
4.186401367187500000e-01
4.187011718750000000e-01
4.187622070312500000e-01
4.188232421875000000e-01
4.188842773437500000e-01
4.189453125000000000e-01
4.190063476562500000e-01
4.190673828125000000e-01
4.191284179687500000e-01
4.191894531250000000e-01
4.192504882812500000e-01
4.193115234375000000e-01
4.193725585937500000e-01
4.194335937500000000e-01
4.194946289062500000e-01
4.195556640625000000e-01
4.196166992187500000e-01
4.196777343750000000e-01
4.197387695312500000e-01
4.197998046875000000e-01
4.198608398437500000e-01
4.199218750000000000e-01
4.199829101562500000e-01
4.200439453125000000e-01
4.201049804687500000e-01
4.201660156250000000e-01
4.202270507812500000e-01
4.202880859375000000e-01
4.203491210937500000e-01
4.204101562500000000e-01
4.204711914062500000e-01
4.205322265625000000e-01
4.205932617187500000e-01
4.206542968750000000e-01
4.207153320312500000e-01
4.207763671875000000e-01
4.208374023437500000e-01
4.208984375000000000e-01
4.209594726562500000e-01
4.210205078125000000e-01
4.210815429687500000e-01
4.211425781250000000e-01
4.212036132812500000e-01
4.212646484375000000e-01
4.213256835937500000e-01
4.213867187500000000e-01
4.214477539062500000e-01
4.215087890625000000e-01
4.215698242187500000e-01
4.216308593750000000e-01
4.216918945312500000e-01
4.217529296875000000e-01
4.218139648437500000e-01
4.218750000000000000e-01
4.219360351562500000e-01
4.219970703125000000e-01
4.220581054687500000e-01
4.221191406250000000e-01
4.221801757812500000e-01
4.222412109375000000e-01
4.223022460937500000e-01
4.223632812500000000e-01
4.224243164062500000e-01
4.224853515625000000e-01
4.225463867187500000e-01
4.226074218750000000e-01
4.226684570312500000e-01
4.227294921875000000e-01
4.227905273437500000e-01
4.228515625000000000e-01
4.229125976562500000e-01
4.229736328125000000e-01
4.230346679687500000e-01
4.230957031250000000e-01
4.231567382812500000e-01
4.232177734375000000e-01
4.232788085937500000e-01
4.233398437500000000e-01
4.234008789062500000e-01
4.234619140625000000e-01
4.235229492187500000e-01
4.235839843750000000e-01
4.236450195312500000e-01
4.237060546875000000e-01
4.237670898437500000e-01
4.238281250000000000e-01
4.238891601562500000e-01
4.239501953125000000e-01
4.240112304687500000e-01
4.240722656250000000e-01
4.241333007812500000e-01
4.241943359375000000e-01
4.242553710937500000e-01
4.243164062500000000e-01
4.243774414062500000e-01
4.244384765625000000e-01
4.244995117187500000e-01
4.245605468750000000e-01
4.246215820312500000e-01
4.246826171875000000e-01
4.247436523437500000e-01
4.248046875000000000e-01
4.248657226562500000e-01
4.249267578125000000e-01
4.249877929687500000e-01
4.250488281250000000e-01
4.251098632812500000e-01
4.251708984375000000e-01
4.252319335937500000e-01
4.252929687500000000e-01
4.253540039062500000e-01
4.254150390625000000e-01
4.254760742187500000e-01
4.255371093750000000e-01
4.255981445312500000e-01
4.256591796875000000e-01
4.257202148437500000e-01
4.257812500000000000e-01
4.258422851562500000e-01
4.259033203125000000e-01
4.259643554687500000e-01
4.260253906250000000e-01
4.260864257812500000e-01
4.261474609375000000e-01
4.262084960937500000e-01
4.262695312500000000e-01
4.263305664062500000e-01
4.263916015625000000e-01
4.264526367187500000e-01
4.265136718750000000e-01
4.265747070312500000e-01
4.266357421875000000e-01
4.266967773437500000e-01
4.267578125000000000e-01
4.268188476562500000e-01
4.268798828125000000e-01
4.269409179687500000e-01
4.270019531250000000e-01
4.270629882812500000e-01
4.271240234375000000e-01
4.271850585937500000e-01
4.272460937500000000e-01
4.273071289062500000e-01
4.273681640625000000e-01
4.274291992187500000e-01
4.274902343750000000e-01
4.275512695312500000e-01
4.276123046875000000e-01
4.276733398437500000e-01
4.277343750000000000e-01
4.277954101562500000e-01
4.278564453125000000e-01
4.279174804687500000e-01
4.279785156250000000e-01
4.280395507812500000e-01
4.281005859375000000e-01
4.281616210937500000e-01
4.282226562500000000e-01
4.282836914062500000e-01
4.283447265625000000e-01
4.284057617187500000e-01
4.284667968750000000e-01
4.285278320312500000e-01
4.285888671875000000e-01
4.286499023437500000e-01
4.287109375000000000e-01
4.287719726562500000e-01
4.288330078125000000e-01
4.288940429687500000e-01
4.289550781250000000e-01
4.290161132812500000e-01
4.290771484375000000e-01
4.291381835937500000e-01
4.291992187500000000e-01
4.292602539062500000e-01
4.293212890625000000e-01
4.293823242187500000e-01
4.294433593750000000e-01
4.295043945312500000e-01
4.295654296875000000e-01
4.296264648437500000e-01
4.296875000000000000e-01
4.297485351562500000e-01
4.298095703125000000e-01
4.298706054687500000e-01
4.299316406250000000e-01
4.299926757812500000e-01
4.300537109375000000e-01
4.301147460937500000e-01
4.301757812500000000e-01
4.302368164062500000e-01
4.302978515625000000e-01
4.303588867187500000e-01
4.304199218750000000e-01
4.304809570312500000e-01
4.305419921875000000e-01
4.306030273437500000e-01
4.306640625000000000e-01
4.307250976562500000e-01
4.307861328125000000e-01
4.308471679687500000e-01
4.309082031250000000e-01
4.309692382812500000e-01
4.310302734375000000e-01
4.310913085937500000e-01
4.311523437500000000e-01
4.312133789062500000e-01
4.312744140625000000e-01
4.313354492187500000e-01
4.313964843750000000e-01
4.314575195312500000e-01
4.315185546875000000e-01
4.315795898437500000e-01
4.316406250000000000e-01
4.317016601562500000e-01
4.317626953125000000e-01
4.318237304687500000e-01
4.318847656250000000e-01
4.319458007812500000e-01
4.320068359375000000e-01
4.320678710937500000e-01
4.321289062500000000e-01
4.321899414062500000e-01
4.322509765625000000e-01
4.323120117187500000e-01
4.323730468750000000e-01
4.324340820312500000e-01
4.324951171875000000e-01
4.325561523437500000e-01
4.326171875000000000e-01
4.326782226562500000e-01
4.327392578125000000e-01
4.328002929687500000e-01
4.328613281250000000e-01
4.329223632812500000e-01
4.329833984375000000e-01
4.330444335937500000e-01
4.331054687500000000e-01
4.331665039062500000e-01
4.332275390625000000e-01
4.332885742187500000e-01
4.333496093750000000e-01
4.334106445312500000e-01
4.334716796875000000e-01
4.335327148437500000e-01
4.335937500000000000e-01
4.336547851562500000e-01
4.337158203125000000e-01
4.337768554687500000e-01
4.338378906250000000e-01
4.338989257812500000e-01
4.339599609375000000e-01
4.340209960937500000e-01
4.340820312500000000e-01
4.341430664062500000e-01
4.342041015625000000e-01
4.342651367187500000e-01
4.343261718750000000e-01
4.343872070312500000e-01
4.344482421875000000e-01
4.345092773437500000e-01
4.345703125000000000e-01
4.346313476562500000e-01
4.346923828125000000e-01
4.347534179687500000e-01
4.348144531250000000e-01
4.348754882812500000e-01
4.349365234375000000e-01
4.349975585937500000e-01
4.350585937500000000e-01
4.351196289062500000e-01
4.351806640625000000e-01
4.352416992187500000e-01
4.353027343750000000e-01
4.353637695312500000e-01
4.354248046875000000e-01
4.354858398437500000e-01
4.355468750000000000e-01
4.356079101562500000e-01
4.356689453125000000e-01
4.357299804687500000e-01
4.357910156250000000e-01
4.358520507812500000e-01
4.359130859375000000e-01
4.359741210937500000e-01
4.360351562500000000e-01
4.360961914062500000e-01
4.361572265625000000e-01
4.362182617187500000e-01
4.362792968750000000e-01
4.363403320312500000e-01
4.364013671875000000e-01
4.364624023437500000e-01
4.365234375000000000e-01
4.365844726562500000e-01
4.366455078125000000e-01
4.367065429687500000e-01
4.367675781250000000e-01
4.368286132812500000e-01
4.368896484375000000e-01
4.369506835937500000e-01
4.370117187500000000e-01
4.370727539062500000e-01
4.371337890625000000e-01
4.371948242187500000e-01
4.372558593750000000e-01
4.373168945312500000e-01
4.373779296875000000e-01
4.374389648437500000e-01
4.375000000000000000e-01
4.375610351562500000e-01
4.376220703125000000e-01
4.376831054687500000e-01
4.377441406250000000e-01
4.378051757812500000e-01
4.378662109375000000e-01
4.379272460937500000e-01
4.379882812500000000e-01
4.380493164062500000e-01
4.381103515625000000e-01
4.381713867187500000e-01
4.382324218750000000e-01
4.382934570312500000e-01
4.383544921875000000e-01
4.384155273437500000e-01
4.384765625000000000e-01
4.385375976562500000e-01
4.385986328125000000e-01
4.386596679687500000e-01
4.387207031250000000e-01
4.387817382812500000e-01
4.388427734375000000e-01
4.389038085937500000e-01
4.389648437500000000e-01
4.390258789062500000e-01
4.390869140625000000e-01
4.391479492187500000e-01
4.392089843750000000e-01
4.392700195312500000e-01
4.393310546875000000e-01
4.393920898437500000e-01
4.394531250000000000e-01
4.395141601562500000e-01
4.395751953125000000e-01
4.396362304687500000e-01
4.396972656250000000e-01
4.397583007812500000e-01
4.398193359375000000e-01
4.398803710937500000e-01
4.399414062500000000e-01
4.400024414062500000e-01
4.400634765625000000e-01
4.401245117187500000e-01
4.401855468750000000e-01
4.402465820312500000e-01
4.403076171875000000e-01
4.403686523437500000e-01
4.404296875000000000e-01
4.404907226562500000e-01
4.405517578125000000e-01
4.406127929687500000e-01
4.406738281250000000e-01
4.407348632812500000e-01
4.407958984375000000e-01
4.408569335937500000e-01
4.409179687500000000e-01
4.409790039062500000e-01
4.410400390625000000e-01
4.411010742187500000e-01
4.411621093750000000e-01
4.412231445312500000e-01
4.412841796875000000e-01
4.413452148437500000e-01
4.414062500000000000e-01
4.414672851562500000e-01
4.415283203125000000e-01
4.415893554687500000e-01
4.416503906250000000e-01
4.417114257812500000e-01
4.417724609375000000e-01
4.418334960937500000e-01
4.418945312500000000e-01
4.419555664062500000e-01
4.420166015625000000e-01
4.420776367187500000e-01
4.421386718750000000e-01
4.421997070312500000e-01
4.422607421875000000e-01
4.423217773437500000e-01
4.423828125000000000e-01
4.424438476562500000e-01
4.425048828125000000e-01
4.425659179687500000e-01
4.426269531250000000e-01
4.426879882812500000e-01
4.427490234375000000e-01
4.428100585937500000e-01
4.428710937500000000e-01
4.429321289062500000e-01
4.429931640625000000e-01
4.430541992187500000e-01
4.431152343750000000e-01
4.431762695312500000e-01
4.432373046875000000e-01
4.432983398437500000e-01
4.433593750000000000e-01
4.434204101562500000e-01
4.434814453125000000e-01
4.435424804687500000e-01
4.436035156250000000e-01
4.436645507812500000e-01
4.437255859375000000e-01
4.437866210937500000e-01
4.438476562500000000e-01
4.439086914062500000e-01
4.439697265625000000e-01
4.440307617187500000e-01
4.440917968750000000e-01
4.441528320312500000e-01
4.442138671875000000e-01
4.442749023437500000e-01
4.443359375000000000e-01
4.443969726562500000e-01
4.444580078125000000e-01
4.445190429687500000e-01
4.445800781250000000e-01
4.446411132812500000e-01
4.447021484375000000e-01
4.447631835937500000e-01
4.448242187500000000e-01
4.448852539062500000e-01
4.449462890625000000e-01
4.450073242187500000e-01
4.450683593750000000e-01
4.451293945312500000e-01
4.451904296875000000e-01
4.452514648437500000e-01
4.453125000000000000e-01
4.453735351562500000e-01
4.454345703125000000e-01
4.454956054687500000e-01
4.455566406250000000e-01
4.456176757812500000e-01
4.456787109375000000e-01
4.457397460937500000e-01
4.458007812500000000e-01
4.458618164062500000e-01
4.459228515625000000e-01
4.459838867187500000e-01
4.460449218750000000e-01
4.461059570312500000e-01
4.461669921875000000e-01
4.462280273437500000e-01
4.462890625000000000e-01
4.463500976562500000e-01
4.464111328125000000e-01
4.464721679687500000e-01
4.465332031250000000e-01
4.465942382812500000e-01
4.466552734375000000e-01
4.467163085937500000e-01
4.467773437500000000e-01
4.468383789062500000e-01
4.468994140625000000e-01
4.469604492187500000e-01
4.470214843750000000e-01
4.470825195312500000e-01
4.471435546875000000e-01
4.472045898437500000e-01
4.472656250000000000e-01
4.473266601562500000e-01
4.473876953125000000e-01
4.474487304687500000e-01
4.475097656250000000e-01
4.475708007812500000e-01
4.476318359375000000e-01
4.476928710937500000e-01
4.477539062500000000e-01
4.478149414062500000e-01
4.478759765625000000e-01
4.479370117187500000e-01
4.479980468750000000e-01
4.480590820312500000e-01
4.481201171875000000e-01
4.481811523437500000e-01
4.482421875000000000e-01
4.483032226562500000e-01
4.483642578125000000e-01
4.484252929687500000e-01
4.484863281250000000e-01
4.485473632812500000e-01
4.486083984375000000e-01
4.486694335937500000e-01
4.487304687500000000e-01
4.487915039062500000e-01
4.488525390625000000e-01
4.489135742187500000e-01
4.489746093750000000e-01
4.490356445312500000e-01
4.490966796875000000e-01
4.491577148437500000e-01
4.492187500000000000e-01
4.492797851562500000e-01
4.493408203125000000e-01
4.494018554687500000e-01
4.494628906250000000e-01
4.495239257812500000e-01
4.495849609375000000e-01
4.496459960937500000e-01
4.497070312500000000e-01
4.497680664062500000e-01
4.498291015625000000e-01
4.498901367187500000e-01
4.499511718750000000e-01
4.500122070312500000e-01
4.500732421875000000e-01
4.501342773437500000e-01
4.501953125000000000e-01
4.502563476562500000e-01
4.503173828125000000e-01
4.503784179687500000e-01
4.504394531250000000e-01
4.505004882812500000e-01
4.505615234375000000e-01
4.506225585937500000e-01
4.506835937500000000e-01
4.507446289062500000e-01
4.508056640625000000e-01
4.508666992187500000e-01
4.509277343750000000e-01
4.509887695312500000e-01
4.510498046875000000e-01
4.511108398437500000e-01
4.511718750000000000e-01
4.512329101562500000e-01
4.512939453125000000e-01
4.513549804687500000e-01
4.514160156250000000e-01
4.514770507812500000e-01
4.515380859375000000e-01
4.515991210937500000e-01
4.516601562500000000e-01
4.517211914062500000e-01
4.517822265625000000e-01
4.518432617187500000e-01
4.519042968750000000e-01
4.519653320312500000e-01
4.520263671875000000e-01
4.520874023437500000e-01
4.521484375000000000e-01
4.522094726562500000e-01
4.522705078125000000e-01
4.523315429687500000e-01
4.523925781250000000e-01
4.524536132812500000e-01
4.525146484375000000e-01
4.525756835937500000e-01
4.526367187500000000e-01
4.526977539062500000e-01
4.527587890625000000e-01
4.528198242187500000e-01
4.528808593750000000e-01
4.529418945312500000e-01
4.530029296875000000e-01
4.530639648437500000e-01
4.531250000000000000e-01
4.531860351562500000e-01
4.532470703125000000e-01
4.533081054687500000e-01
4.533691406250000000e-01
4.534301757812500000e-01
4.534912109375000000e-01
4.535522460937500000e-01
4.536132812500000000e-01
4.536743164062500000e-01
4.537353515625000000e-01
4.537963867187500000e-01
4.538574218750000000e-01
4.539184570312500000e-01
4.539794921875000000e-01
4.540405273437500000e-01
4.541015625000000000e-01
4.541625976562500000e-01
4.542236328125000000e-01
4.542846679687500000e-01
4.543457031250000000e-01
4.544067382812500000e-01
4.544677734375000000e-01
4.545288085937500000e-01
4.545898437500000000e-01
4.546508789062500000e-01
4.547119140625000000e-01
4.547729492187500000e-01
4.548339843750000000e-01
4.548950195312500000e-01
4.549560546875000000e-01
4.550170898437500000e-01
4.550781250000000000e-01
4.551391601562500000e-01
4.552001953125000000e-01
4.552612304687500000e-01
4.553222656250000000e-01
4.553833007812500000e-01
4.554443359375000000e-01
4.555053710937500000e-01
4.555664062500000000e-01
4.556274414062500000e-01
4.556884765625000000e-01
4.557495117187500000e-01
4.558105468750000000e-01
4.558715820312500000e-01
4.559326171875000000e-01
4.559936523437500000e-01
4.560546875000000000e-01
4.561157226562500000e-01
4.561767578125000000e-01
4.562377929687500000e-01
4.562988281250000000e-01
4.563598632812500000e-01
4.564208984375000000e-01
4.564819335937500000e-01
4.565429687500000000e-01
4.566040039062500000e-01
4.566650390625000000e-01
4.567260742187500000e-01
4.567871093750000000e-01
4.568481445312500000e-01
4.569091796875000000e-01
4.569702148437500000e-01
4.570312500000000000e-01
4.570922851562500000e-01
4.571533203125000000e-01
4.572143554687500000e-01
4.572753906250000000e-01
4.573364257812500000e-01
4.573974609375000000e-01
4.574584960937500000e-01
4.575195312500000000e-01
4.575805664062500000e-01
4.576416015625000000e-01
4.577026367187500000e-01
4.577636718750000000e-01
4.578247070312500000e-01
4.578857421875000000e-01
4.579467773437500000e-01
4.580078125000000000e-01
4.580688476562500000e-01
4.581298828125000000e-01
4.581909179687500000e-01
4.582519531250000000e-01
4.583129882812500000e-01
4.583740234375000000e-01
4.584350585937500000e-01
4.584960937500000000e-01
4.585571289062500000e-01
4.586181640625000000e-01
4.586791992187500000e-01
4.587402343750000000e-01
4.588012695312500000e-01
4.588623046875000000e-01
4.589233398437500000e-01
4.589843750000000000e-01
4.590454101562500000e-01
4.591064453125000000e-01
4.591674804687500000e-01
4.592285156250000000e-01
4.592895507812500000e-01
4.593505859375000000e-01
4.594116210937500000e-01
4.594726562500000000e-01
4.595336914062500000e-01
4.595947265625000000e-01
4.596557617187500000e-01
4.597167968750000000e-01
4.597778320312500000e-01
4.598388671875000000e-01
4.598999023437500000e-01
4.599609375000000000e-01
